FS, Input, SNDR, SFDR, SNR, CIC_Bias
0.1,0.1,50.17045692204684,53.703629008674795,54.05267394273678,
FS, Input, SNDR, SFDR, SNR, CIC_Bias
0.1,0.1,50.17045692204684,53.703629008674795,54.05267394273678,
FS, Input, SNDR, SFDR, SNR, CIC_Bias
FS, Input, SNDR, SFDR, SNR, CIC_Bias
0.1,0.1,50.17045692204684,53.703629008674795,54.05267394273678,
FS, Input, SNDR, SFDR, SNR, CIC_Bias
0.1,0.1,50.17045692204684,53.703629008674795,54.05267394273678,
FS, Input, SNDR, SFDR, SNR, CIC_Bias
0.12,0.12,52.011984031079436,56.408690284672716,55.36506055522422,
FS, Input, SNDR, SFDR, SNR, CIC_Bias
0.02,0.004,19.751650396614128,28.968622071753074,21.85118605582103,
0.02,0.005,23.739281561542963,35.46939692708726,25.939286533366385,
0.02,0.006666666666666666,27.422261478910617,40.06714879890754,28.50873813403056,
0.02,0.008333333333333333,29.78909447558276,42.5311253270082,30.486369637246106,
0.02,0.009999999999999998,25.4607264739389,34.52413425994948,29.511914340216606,
0.02,0.011666666666666665,28.35947107943134,39.41732049470238,30.792821041747743,
0.02,0.013000000000000001,29.8641079468079,41.65595350019099,31.57369639723393,
0.02,0.013333333333333332,30.215574074713864,42.65799281387481,31.824309619182877,
0.02,0.015,30.53591079903733,41.189705232872,32.42089500816426,
0.02,0.016666666666666666,32.61199718963177,44.84455905369204,33.72783576411221,
0.02,0.018333333333333333,33.4866863691958,43.83373860519157,34.676714325278205,
0.02,0.019,33.8089187280858,43.56510185021074,35.01203129133745,
0.02,0.02,33.55812003358075,39.6470958862612,35.73464404793142,
0.02,0.022000000000000002,27.204527285482975,32.549676217170756,36.42124696927179,
0.02,0.022000000000000002,27.204527285482975,32.549676217170756,36.42124696927179,
0.02,0.031000000000000003,11.429391061670767,12.102655800562104,36.222819602480214,
0.02,0.04,7.600913231517158,7.850581009747344,35.94787936272907,
0.03,0.004,26.274352146496977,43.31647082214275,26.859071015967153,
0.03,0.005,28.427092868813393,44.51825662749884,28.79664907380896,
0.03,0.0077777777777777776,30.649809117438554,45.16697958280038,31.52521075114251,
0.03,0.010555555555555554,34.275595224217795,48.46431744007408,34.648682518984906,
0.03,0.013000000000000001,36.07037615873275,47.76210618357737,36.49709355474627,
0.03,0.013333333333333332,36.354340116985725,48.36594182009571,36.778390161432185,
0.03,0.01611111111111111,34.16902149668169,43.188947263382815,35.7572315904245,
0.03,0.01888888888888889,36.494863760612745,44.12676705703586,37.74808366517754,
0.03,0.021666666666666664,37.935342533678835,44.88474900538719,39.26437947530093,
0.03,0.022000000000000002,37.94032321428029,44.93138219863924,39.24787847353538,
0.03,0.024444444444444442,38.643147490224685,44.71174415388073,40.19341305639501,
0.03,0.02722222222222222,39.37941287064072,44.89406530379431,41.13851257778569,
0.03,0.028499999999999998,-6.36500287477897,43.76980346272005,-6.364987509766685,
0.03,0.03,38.12153618384544,41.126003520680655,41.9553727728685,
0.03,0.031000000000000003,37.37648389253438,46.9034926188568,42.57942257210566,
0.03,0.033,25.6132565577077,30.21205206517277,42.31826627404168,
0.03,0.04,14.72376740700046,16.08639976575637,41.12640598076478,
0.04,0.004,26.368132801428345,43.30741877885676,26.646352110409524,
0.04,0.005,28.713521943086214,44.491811380773484,29.091797016247973,
0.04,0.008888888888888889,33.699017184557206,53.0996005513052,33.97214644830677,
0.04,0.012777777777777779,36.53598298965904,48.13433918432618,36.98946158994425,
0.04,0.013000000000000001,36.51568962556951,50.165106753377174,36.919509353073074,
0.04,0.016666666666666666,38.55631582086807,47.65144172344387,39.26737528841691,
0.04,0.020555555555555556,37.93568148261321,44.73865109400545,39.80544717357539,
0.04,0.022000000000000002,38.86214150570435,45.670883120384005,40.04886638968892,
0.04,0.024444444444444446,40.16126342095873,46.05847221047516,41.62207886014493,
0.04,0.028333333333333335,41.27870333300038,46.43691805816951,43.061849033544846,
0.04,0.031000000000000003,41.3873514057757,46.646426352226584,43.25408324445941,
0.04,0.03222222222222222,41.68584450719269,47.03409283496629,43.466275000279765,
0.04,0.036111111111111115,42.60609425595084,47.216742736704475,44.822212562975274,
0.04,0.038,42.69698108295219,47.29803143352167,44.87531104830662,
0.04,0.04,41.52673615940075,44.486327335760905,45.35429021545485,
0.04,0.04,41.52673615940075,44.486327335760905,45.35429021545485,
0.04,0.044000000000000004,26.43835909446598,31.219690961827155,45.315277265708374,
0.05,0.004,26.916352512380026,42.54446021178403,27.29918420856884,
0.05,0.005,28.840065292710044,44.969970325968504,29.201384480268594,
0.05,0.010000000000000002,34.7790829163896,47.72420763049402,35.131013528143185,
0.05,0.013000000000000001,36.96217793599061,52.75981993803262,37.441448333205365,
0.05,0.015000000000000003,37.45366567695959,47.639313472660234,38.1689050048844,
0.05,0.020000000000000004,39.5952586913653,50.145873775352456,40.16465907862349,
0.05,0.022000000000000002,40.6832215163351,48.179392800721274,41.65305621421915,
0.05,0.025000000000000005,41.66624213612615,48.883633278518886,42.73014932222546,
0.05,0.030000000000000006,42.29647028008658,48.016347281233635,43.80085140134118,
0.05,0.031000000000000003,35.645199603484954,47.85838969858608,35.93409701225641,
0.05,0.035,43.18908107159209,47.5482464936958,45.315476237911945,
0.05,0.04,44.330874404519236,49.51286795131307,46.29673600210751,
0.05,0.04,44.330874404519236,49.51286795131307,46.29673600210751,
0.05,0.045000000000000005,44.807436581119745,49.1726624430469,47.195808250972235,
0.05,0.0475,45.429916231441176,50.328709997458304,47.64172720361748,
0.05,0.05,44.05387967177709,47.11367576978594,47.98303714533646,
0.05,0.05500000000000001,28.149181306685,33.23236847674225,47.69444955166037,
0.06,0.004,27.072802457365412,38.88428936864439,27.520120275373323,
0.06,0.005,29.239385558084535,43.702291121092685,29.599566166796002,
0.06,0.011111111111111112,36.350745468105195,54.45601807573078,36.643684682531955,
0.06,0.013000000000000001,37.4968248160892,55.49183387010709,37.70658284625223,
0.06,0.017222222222222222,38.48208489771318,49.81774124544387,38.97956478524212,
0.06,0.022000000000000002,41.16471631228264,49.184923536444686,42.031774168041565,
0.06,0.023333333333333334,41.58244715873478,50.67875685737806,42.327510660466885,
0.06,0.029444444444444447,43.41434347091337,50.705599835828195,44.47752005153021,
0.06,0.031000000000000003,43.0767498212887,49.19328313018245,44.50550351422801,
0.06,0.035555555555555556,44.09378358016528,48.73304344279043,46.09685150369018,
0.06,0.04,44.970544165167574,49.692846635603814,47.11612709887606,
0.06,0.041666666666666664,45.16273201169655,49.357210409556714,47.50590342742784,
0.06,0.04777777777777778,46.13796855399996,50.73998901471805,48.51198024538264,
0.06,0.05388888888888889,46.986233551919376,51.503969481148744,49.571664151551815,
0.06,0.056999999999999995,47.22334874963784,51.75844516752542,49.80861932594632,
0.06,0.06,45.74995183295662,48.566925086983034,50.14055348279422,
0.06,0.066,26.096473166645467,30.85418980481161,48.02289254563135,
0.08,0.004,27.08485162814855,45.691032640814,27.252465615287818,
0.08,0.005,27.332950596714547,47.08920993317881,27.496121352041275,
0.08,0.013000000000000001,37.043084543115626,52.76019387180416,37.29731644877952,
0.08,0.013333333333333332,37.3190597908989,53.97148443787722,37.55059275432095,
0.08,0.021666666666666667,41.26438742738037,50.88336928855264,41.877497199803095,
0.08,0.022000000000000002,41.33802477663401,50.80135405241903,41.96067625449298,
0.08,0.030000000000000002,43.64720374508324,50.957784263923585,44.67085984677468,
0.08,0.031000000000000003,43.85915588923871,51.43854941756902,44.888163847477784,
0.08,0.03833333333333333,45.44608960375865,52.267465690724265,46.70685944449079,
0.08,0.04,45.56275587734363,51.660786540239016,47.04189894201323,
0.08,0.04666666666666666,46.32896444906663,50.88235106304313,48.502383590478296,
0.08,0.055,42.70301010997255,51.73612404567068,43.38848878000982,
0.08,0.06333333333333334,48.43618142274061,53.690680245271636,50.71357089869865,
0.08,0.07166666666666667,49.18513484709695,54.781689821091774,51.48486442887294,
0.08,0.076,49.43228125390802,54.39435592536498,51.98513912811275,
0.08,0.08,48.336461076917146,51.6268346935441,52.40312903330587,
0.08,0.08800000000000001,25.54818710381125,29.919383656060262,48.80915166127666,
0.1,0.004,25.878354464103364,46.81098949236099,26.020866560805697,
0.1,0.005,28.65009069224708,48.25568097170064,28.818391701612768,
0.1,0.013000000000000001,36.7577012565065,54.943431974949334,36.90225648402567,
0.1,0.015555555555555555,38.32287550439191,53.58144977788028,38.61351846548947,
0.1,0.022000000000000002,41.132916738632936,55.18019802918913,41.45079857982158,
0.1,0.026111111111111113,42.52334750183982,52.04454137313911,43.1519404397616,
0.1,0.031000000000000003,43.489179454298814,50.61955586438623,44.48993051908165,
0.1,0.03666666666666667,44.700253451129434,51.33971952595465,45.91455851561233,
0.1,0.04,45.49184563771527,52.86815131129393,46.610453080654494,
0.1,0.04722222222222222,46.854292868745766,54.78467791718414,48.08986154812108,
0.1,0.057777777777777775,47.713173271082894,52.512221780853906,49.886395818735764,
0.1,0.06833333333333334,48.852638165090326,53.69741267475793,51.1134403329331,
0.1,0.0788888888888889,50.052194725136815,55.77415007876343,52.268485664268624,
0.1,0.08944444444444445,50.9568659832878,57.14435012374456,53.24365284770238,
0.1,0.095,51.14265387046149,56.600322846402435,53.70061986355517,
0.1,0.1,50.17045692204684,53.703629008674795,54.05267394273678,
0.1,0.11000000000000001,24.862027830304175,28.897084755973353,48.98957858920941,
0.12,0.004,26.378519545827853,45.43361177146825,26.56776361869913,
0.12,0.005,28.358087021821042,47.62096739358216,28.527455941627874,
0.12,0.013000000000000001,36.19510158781062,55.672759065720314,36.412883813894695,
0.12,0.017777777777777778,39.148962785950175,55.35060498201538,39.36891056109104,
0.12,0.022000000000000002,36.822642382498756,51.800971736735974,36.99136536958789,
0.12,0.030555555555555555,43.26369969966951,52.14580804305761,43.97533002300242,
0.12,0.031000000000000003,41.361016622011164,52.02660185455332,41.80162552761865,
0.12,0.04,42.84504465196724,52.30140563979387,43.47020556632893,
0.12,0.04333333333333333,44.7443197093369,52.88935350879886,45.63909857666231,
0.12,0.056111111111111105,47.82590552340936,55.811690041810834,49.02766928085874,
0.12,0.06888888888888889,-6.369718883597121,53.35305063022048,-6.369711067418323,
0.12,0.08166666666666667,50.028433796501304,55.32140995766194,52.1713333429686,
0.12,0.09444444444444444,51.32035132205273,57.25560838368604,53.55012650305106,
0.12,0.10722222222222222,52.43830444510108,59.75347779638909,54.62624247383965,
0.12,0.11399999999999999,52.62280260601549,59.407683919155104,54.90786305007748,
0.12,0.12,52.011984031079436,56.408690284672716,55.36506055522422,
0.12,0.132,24.815313917432086,28.76692618797574,47.93186313942041,
0.14,0.004,25.709128919629855,42.33541268725034,26.022989964924154,
0.14,0.005,25.121095654780916,46.81710380794635,25.213018141798113,
0.14,0.013000000000000001,36.027443354703735,55.48369829353659,36.19214346793143,
0.14,0.02,32.78203292655865,52.968210190783765,32.837727164452694,
0.14,0.022000000000000002,40.355417352756966,52.53571333212126,40.70218697648427,
0.14,0.031000000000000003,43.20221331271439,54.30877439542759,43.72551467785601,
0.14,0.035,39.83988911397517,52.2474259572151,40.134173044019654,
0.14,0.04,44.70088502677338,51.1831226394369,45.90713803912206,
0.14,0.05,46.46159015632463,53.63413854737112,47.66024303274132,
0.14,0.065,48.48209426806568,56.804342509381456,49.678785566917696,
0.14,0.08000000000000002,49.44274911815938,54.33956146571366,51.636191108579524,
0.14,0.09500000000000001,50.84470802603739,56.0428354380272,53.12551310353339,
0.14,0.11000000000000001,52.19537471192724,58.7918796146639,54.32802547576859,
0.14,0.125,53.31947419738792,59.96052492481212,55.268487260009884,
0.14,0.133,53.79444795055866,61.91654450337461,55.88263157241222,
0.14,0.14,53.41891014897502,59.52715229395358,56.08066553766673,
0.14,0.15400000000000003,24.47936466259263,28.2693376136705,49.39068269454747,
0.16,0.004,25.35706332713294,47.37147920953464,25.468501147226593,
0.16,0.005,27.247441106204676,45.140708670399604,27.490795709117197,
0.16,0.013000000000000001,35.61825554221827,54.01343117682795,35.77046475992437,
0.16,0.022000000000000002,40.17339534074097,55.15210303168905,40.40347744694063,
0.16,0.022222222222222223,39.84353881816262,54.8295774198903,40.07481326567009,
0.16,0.031000000000000003,42.963410646914156,54.2840185602564,43.44010953347975,
0.16,0.03944444444444444,44.59231402100407,53.68916942257084,45.30168353684449,
0.16,0.04,44.73461039404619,53.0941738245084,45.55853278410115,
0.16,0.056666666666666664,47.19986342308093,54.250804460329434,48.451248712611346,
0.16,0.07388888888888889,49.47120559075948,58.38339036379094,50.68100090557844,
0.16,0.09111111111111111,49.788741326912586,54.36433432455033,52.15635716550629,
0.16,0.10833333333333334,51.52672766896914,57.32157600755342,53.70375986155256,
0.16,0.12555555555555556,52.95412290498044,60.674999735164405,54.94112480233348,
0.16,0.14277777777777778,54.09588480038095,60.29790593537058,55.999134363223455,
0.16,0.152,54.51297345485921,61.752449839700645,56.45959299804774,
0.16,0.16,54.20582185256188,62.17688581304415,56.54967258851051,
0.16,0.17600000000000002,24.75652664083187,28.5854588464332,49.59182554844485,
0.18,0.004,25.23388615921455,45.98787044412404,25.362653736438226,
0.18,0.005,26.526834093432118,40.49625595108954,27.05285245622379,
0.18,0.013000000000000001,35.284018587615286,53.107931290552955,35.44165170241697,
0.18,0.022000000000000002,39.59239995371311,54.019426092307214,39.80433231027527,
0.18,0.024444444444444446,40.713656419606295,54.60806201463889,40.98514766001933,
0.18,0.031000000000000003,42.32096596216064,52.411556658377904,42.855408567921344,
0.18,0.04,44.41899795662215,54.395786942076086,45.072461771514334,
0.18,0.04388888888888889,45.25380288364175,53.9009030814581,46.02253298734155,
0.18,0.06333333333333334,47.93075215699876,55.301718982331025,49.16005572690289,
0.18,0.08277777777777778,50.07142013589724,58.56010703469552,51.374596418589256,
0.18,0.10222222222222223,50.33539512829557,54.88882730400054,52.85614226697713,
0.18,0.12166666666666667,52.08776088920924,58.63138438385009,54.20977905744608,
0.18,0.14111111111111113,53.53558660973111,60.772878980145364,55.53722025373914,
0.18,0.16055555555555556,54.652354473510094,61.448511510116916,56.45832318584618,
0.18,0.17099999999999999,54.45744027110787,63.02016913552215,56.859156298816515,
0.18,0.18,51.53804836277558,56.014035648174314,57.199841926936614,
0.18,0.198,24.49743062158435,28.317528290364848,49.2673181730824,
0.2,0.004,24.653459636327693,41.32709883318486,24.87711870871294,
0.2,0.005,26.603956565915507,45.24893031480924,26.75415772061919,
0.2,0.013000000000000001,34.81231788839287,53.47575004656413,34.97077261946526,
0.2,0.022000000000000002,39.191415263868954,53.497610815915294,39.469832934198294,
0.2,0.02666666666666667,40.752755050274104,52.94574598326679,41.08462742706286,
0.2,0.031000000000000003,42.13088803987526,54.65405254276433,42.478464480618044,
0.2,0.04,44.074374463249804,55.68036980797075,44.61264865279733,
0.2,0.04833333333333333,45.494422275625354,54.68508513974565,46.20710286170842,
0.2,0.07,48.19967261237096,56.23544488071998,49.38056048268753,
0.2,0.09166666666666667,50.428546746897354,59.22480931663246,51.61910813941674,
0.2,0.11333333333333334,50.56944439910528,55.13331272095286,53.2722455571022,
0.2,0.135,52.480708929991536,59.005150451480574,54.59524988237888,
0.2,0.15666666666666668,53.76818037169063,61.91886164895958,55.68743975247648,
0.2,0.17833333333333334,53.57688590073299,59.02205236733329,56.685259917043915,
0.2,0.19,49.04362774221675,51.92798789923964,56.964041269201644,
0.2,0.2,44.524750109613294,46.97600416869827,57.38865467170675,
0.2,0.22000000000000003,25.12154001511362,29.50388869098741,49.05426049794788,
FS, Input, SNDR, SFDR, SNR, CIC_Bias
FS, Input, SNDR, SFDR, SNR, CIC_Bias
0.1046,0.004,26.487018874214332,47.37429595685188,26.67283849108399,
0.1046,0.005,28.264053263423733,47.642351091510676,28.464813782937036,
0.1046,0.013000000000000001,36.37537262776401,51.90014461118528,36.58000637000887,
0.1046,0.016066666666666667,38.50363209119471,54.43789791951498,38.68800849623147,
0.1046,0.022000000000000002,40.81905916101756,53.06152648425028,41.19798787876621,
0.1046,0.027133333333333332,42.36489300959985,51.3042133906327,43.03102746002474,
0.1046,0.031000000000000003,43.4989418721736,50.83793570339793,44.46374284020841,
0.1046,0.03819999999999999,44.94378807445755,51.55482934237399,46.183615342784144,
0.1046,0.04,45.251011086898494,52.26763085847908,46.45928174572761,
0.1046,0.04926666666666666,46.966848349642056,54.269097509269656,48.25460980035064,
0.1046,0.06033333333333333,47.59079439547914,52.18177705728024,49.80208279499125,
0.1046,0.07139999999999999,48.986404292136086,54.04434135902247,51.22621467849146,
0.1046,0.08246666666666666,50.18975718703505,55.53507747950907,52.62595563960933,
0.1046,0.09353333333333333,51.15263694663088,57.041812726089645,53.546369557016085,
0.1046,0.09937,51.70471894154243,57.980359043284096,54.07890331363177,
0.1046,0.1046,50.624198721437594,54.56151613166088,54.15190813511347,
0.1046,0.11506000000000001,25.504112438651283,29.72535957121329,49.4614665703342,
FS, Input, SNDR, SFDR, SNR, CIC_Bias
0.105,0.004,25.5648843119179,32.0876960404848,27.03182996929072,
0.105,0.005,27.46561015561162,35.36441787588741,28.804320480543282,
0.105,0.013000000000000001,35.53156767490749,46.91687296878831,36.707594351076615,
0.105,0.01611111111111111,37.95922857248631,50.918959215163525,38.57659706925667,
0.105,0.022000000000000002,40.75936957118039,56.01647990831515,41.22817921127918,
0.105,0.02722222222222222,41.31601576725319,55.83363545597197,41.724855110798245,
0.105,0.031000000000000003,43.60445180042333,58.15765678079515,44.12632766746573,
0.105,0.03833333333333332,45.20431060891891,56.133048152503775,45.73967807081498,
0.105,0.04,45.70142347327475,57.2017783018575,46.212477082893166,
0.105,0.04944444444444444,47.78627743366471,63.88810070962181,48.05253210940812,
0.105,0.06055555555555555,49.38915167485686,65.07124780172825,49.61221640000854,
0.105,0.07166666666666666,50.72557202466167,66.1888874065686,51.009625804715135,
0.105,0.08277777777777777,51.986044000338616,66.42925785078077,52.36069032704669,
0.105,0.09388888888888888,52.27734823858679,64.50012953899619,53.20253288666777,
0.105,0.09974999999999999,52.39598576938367,60.541824508850695,53.804706620991055,
0.105,0.105,51.74115726055099,57.30013380146852,54.205906186979945,
0.105,0.1155,29.683205593618183,32.2732118365133,49.30437053196126,
FS, Input, SNDR, SFDR, SNR, CIC_Bias
0.105,0.004,25.5648843119179,32.0876960404848,27.03182996929072,
0.105,0.005,27.46561015561162,35.36441787588741,28.804320480543282,
0.105,0.013000000000000001,35.53156767490749,46.91687296878831,36.707594351076615,
0.105,0.01611111111111111,37.95922857248631,50.918959215163525,38.57659706925667,
0.105,0.022000000000000002,40.75936957118039,56.01647990831515,41.22817921127918,
0.105,0.02722222222222222,41.31601576725319,55.83363545597197,41.724855110798245,
0.105,0.031000000000000003,43.60445180042333,58.15765678079515,44.12632766746573,
0.105,0.03833333333333332,45.20431060891891,56.133048152503775,45.73967807081498,
0.105,0.04,45.70142347327475,57.2017783018575,46.212477082893166,
0.105,0.04944444444444444,47.78627743366471,63.88810070962181,48.05253210940812,
0.105,0.06055555555555555,49.38915167485686,65.07124780172825,49.61221640000854,
0.105,0.07166666666666666,50.72557202466167,66.1888874065686,51.009625804715135,
0.105,0.08277777777777777,51.986044000338616,66.42925785078077,52.36069032704669,
0.105,0.09388888888888888,52.27734823858679,64.50012953899619,53.20253288666777,
0.105,0.09974999999999999,52.39598576938367,60.541824508850695,53.804706620991055,
0.105,0.105,51.74115726055099,57.30013380146852,54.205906186979945,
0.105,0.1155,29.683205593618183,32.2732118365133,49.30437053196126,
FS, Input, SNDR, SFDR, SNR, CIC_Bias
0.02,0.004,13.973301480569136,20.41428339088209,20.570242709363637,
0.02,0.005,16.814594014990877,24.54503443534955,22.917139807835373,
0.02,0.005789473684210527,18.918238691253656,26.13457010505914,24.657162963125714,
0.02,0.006578947368421052,20.582622881432005,29.22450130988321,25.780309590394538,
0.02,0.007368421052631579,22.075116006601636,31.307205709853775,26.784358734491835,
0.02,0.008157894736842105,23.437388186624553,33.221261745173464,27.722523568949036,
0.02,0.008947368421052631,24.549207918403923,34.71062452453735,28.27073815549074,
0.02,0.009736842105263158,25.66601257335172,36.133637008971704,28.975146982745116,
0.02,0.010526315789473684,26.078680921679677,35.70596830236617,29.214755693088637,
0.02,0.01131578947368421,27.08843538240267,35.335801405925466,29.71424319091708,
0.02,0.012105263157894737,26.276818819391185,34.6435785246758,30.041908558543128,
0.02,0.012894736842105264,27.262936760894103,36.662450881232914,29.850744988433963,
0.02,0.013000000000000001,27.459747962559653,37.20885679428055,30.017167194030733,
0.02,0.013684210526315788,28.374552021510283,36.69714618479922,30.710596084775133,
0.02,0.014473684210526316,29.30048823865659,38.6524355757133,30.85746510783563,
0.02,0.015263157894736843,30.054158041287966,39.735143079315236,31.332239595811814,
0.02,0.016052631578947367,30.541281419591485,40.75461433949617,31.84632427509838,
0.02,0.016842105263157894,31.306375517904414,42.45034239196862,32.49423878857887,
0.02,0.017631578947368422,30.9572100729498,41.574930073275226,32.486626352972976,
0.02,0.018421052631578946,31.893583153687473,42.74085196403266,33.34185431131417,
0.02,0.019,32.23192911045691,42.15810829047436,33.776142060329974,
0.02,0.019210526315789473,32.32701306682812,42.017593760615995,33.89963688870923,
0.02,0.02,32.46705899193711,39.96331937421482,34.41380007233928,
0.02,0.022000000000000002,33.30759012283523,41.21070270519178,35.41554861773352,
0.02,0.022000000000000002,33.30759012283523,41.21070270519178,35.41554861773352,
0.02,0.031000000000000003,17.483975149870687,17.857891668124523,36.80507132271083,
0.02,0.04,13.576864636704277,13.763762364854074,37.175539553283095,
0.03,0.004,19.8351276847603,28.299353935848274,24.332057121815673,
0.03,0.005,22.601830223317645,32.75665335157868,26.03164825497972,
0.03,0.00631578947368421,25.536341022423233,36.951016224804164,28.187532207085294,
0.03,0.0076315789473684215,27.59308688593474,38.91001447371114,29.688200957601794,
0.03,0.008947368421052631,29.56826368904568,41.96552474651068,31.11222429604421,
0.03,0.010263157894736842,31.143292326907137,44.1482761270354,32.39403078207303,
0.03,0.011578947368421053,32.49759381227031,46.59129273673071,33.449923628897565,
0.03,0.012894736842105264,33.744106554715636,47.296954341916305,34.490826894421964,
0.03,0.013000000000000001,33.89814632413769,47.58071499714819,34.62412891122441,
0.03,0.014210526315789472,34.91235587583268,49.65710580140163,35.57638233688087,
0.03,0.015526315789473683,34.81025240303087,45.60028370575445,36.087378543467196,
0.03,0.016842105263157894,35.06450422037814,46.505819394673296,35.922575873103625,
0.03,0.018157894736842106,36.31707914859759,48.860372368853405,36.99274510764845,
0.03,0.019473684210526317,37.13725766538518,49.403986890830964,37.89511729693076,
0.03,0.020789473684210528,37.74698352965806,48.00767600105257,38.5232586412596,
0.03,0.022000000000000002,38.33176886628359,47.59087055170434,39.15952313059506,
0.03,0.02210526315789474,38.394495237069485,47.4182827873276,39.21185527571372,
0.03,0.023421052631578947,38.170954279139636,44.82033874928055,39.69002889451035,
0.03,0.024736842105263158,38.778239646879385,45.644993827284054,40.0541529616264,
0.03,0.02605263157894737,39.13570031392898,44.92579534501843,40.68879566870911,
0.03,0.02736842105263158,39.08807228776429,43.70967242311191,41.2511749259932,
0.03,0.028499999999999998,39.156347056085956,42.981428536797026,41.75600635867,
0.03,0.02868421052631579,39.123773795519526,42.81006133061011,41.816676368748006,
0.03,0.03,38.704016292123185,41.66250137318265,42.13474061622613,
0.03,0.031000000000000003,38.35190982743416,40.797745799061516,42.54351506075573,
0.03,0.033,32.35198904960655,36.95681455466827,42.956816767915065,
0.03,0.04,19.988387721743575,20.6733620925678,42.444335157160296,
0.04,0.004,24.854486170999056,35.09182469781598,26.53464395394132,
0.04,0.005,26.93964880878539,39.44154792183819,28.03287414389546,
0.04,0.006842105263157895,30.34916004699214,45.203181086951474,30.965933700107627,
0.04,0.00868421052631579,32.64204368805996,48.20688888655239,33.01031554051314,
0.04,0.010526315789473686,34.513894029733144,50.57077392786013,34.75935132151774,
0.04,0.01236842105263158,35.952175441466146,50.848438804221644,36.22948456593805,
0.04,0.013000000000000001,36.57537978115445,53.547318285318866,36.809474931853956,
0.04,0.014210526315789476,37.21279391168948,55.14521514689889,37.42709414192277,
0.04,0.01605263157894737,38.33035164933504,51.5255384153929,38.59620413737032,
0.04,0.017894736842105265,39.37607026992025,55.41173899762066,39.616720716767446,
0.04,0.01973684210526316,39.96494699755663,54.58428291364365,40.43606224205239,
0.04,0.021578947368421055,40.52354686555974,53.246103614331474,40.830092696450734,
0.04,0.022000000000000002,40.69014098254481,53.372534558442624,41.08743717670081,
0.04,0.02342105263157895,41.26605445811444,55.88279783378607,41.51906409368885,
0.04,0.025263157894736845,42.02400678598401,54.26389004394895,42.46188820833774,
0.04,0.02710526315789474,42.44641523141497,51.64748129872285,43.13112746192648,
0.04,0.028947368421052635,-6.368660232730093,51.2015531914563,-6.3686517214387965,
0.04,0.03078947368421053,42.85802985000295,49.79377303627881,43.99747075291117,
0.04,0.031000000000000003,43.011864638289026,49.88450830257989,44.15284458761601,
0.04,0.03263157894736842,43.50880466695911,49.98383373492855,44.76386291409628,
0.04,0.034473684210526316,43.542921744195795,49.15074017777465,45.12501192419759,
0.04,0.03631578947368421,43.49138087211922,48.12818524892488,45.54907836386598,
0.04,0.038,43.46312730304948,47.39017192369383,45.93929004506357,
0.04,0.038157894736842106,43.433763118010766,47.145530187884845,46.074336654448246,
0.04,0.04,43.02110931284375,45.917487184269646,46.45433882215847,
0.04,0.04,43.02110931284375,45.917487184269646,46.45433882215847,
0.04,0.044000000000000004,31.654178325474565,36.73714235590643,46.74138320996516,
0.05,0.004,27.019391944750506,42.84920595874179,27.40288039774005,
0.05,0.005,28.84809771974741,45.828630442579765,29.04675377780081,
0.05,0.00736842105263158,32.34627696128439,49.96387608038597,32.62194110743391,
0.05,0.009736842105263158,34.56686483983967,54.6548660740861,34.69101833580866,
0.05,0.012105263157894737,36.72236474480002,57.00188841880083,36.84246994561042,
0.05,0.013000000000000001,37.21896747440836,55.92703439975652,37.43584602681055,
0.05,0.014473684210526316,38.30561127564109,58.79970909931663,38.43914932950391,
0.05,0.016842105263157894,39.59980546828059,56.189088144937074,39.76219584235156,
0.05,0.019210526315789477,40.637218920245324,53.830976272874,40.929511661228716,
0.05,0.021578947368421055,41.73741201015859,60.236866856670375,41.881958407441985,
0.05,0.022000000000000002,41.82644814787266,57.67420147492069,42.0173408485714,
0.05,0.023947368421052634,42.59499173159688,60.32441164083218,42.726338065182205,
0.05,0.026315789473684213,43.27288355850701,57.13306134191208,43.52066230539521,
0.05,0.02868421052631579,43.85736447662228,59.96285848674749,44.06373169449226,
0.05,0.031000000000000003,44.778801761575416,60.569472355833994,44.96142592722613,
0.05,0.03105263157894737,44.777374680353205,61.1313779464471,44.94515919987501,
0.05,0.03342105263157895,45.10705911572942,56.21609964907721,45.578023210131526,
0.05,0.03578947368421053,45.56759241476641,54.82285468153823,46.235773422736855,
0.05,0.038157894736842106,45.61879606839388,53.50772559184257,46.63482358605212,
0.05,0.04,45.97641997413361,53.95902548584404,46.9252172576267,
0.05,0.04052631578947368,46.08932205494323,53.859889315736964,47.06819441058882,
0.05,0.04289473684210526,46.22489609686511,52.789617741914086,47.562542939056144,
0.05,0.045263157894736845,46.074818080650736,51.26033637655729,47.95737985767787,
0.05,0.0475,45.98063952321337,50.133369794477176,48.39891774522039,
0.05,0.04763157894736842,45.95702270460279,49.9911125981056,48.47394075665549,
0.05,0.05,45.16908270452575,48.1050326522092,48.84527120327495,
0.05,0.05500000000000001,-6.373336787912453,33.88271796259045,-6.373302151337139,
0.06,0.004,28.066438983659964,46.13280887788082,28.249925610627734,
0.06,0.005,30.010059744682266,47.02019101688285,30.16592078535572,
0.06,0.007894736842105263,33.8232863014109,50.78479589888845,34.06644398481818,
0.06,0.010789473684210526,36.65210825597158,53.38643830858119,36.79879692639607,
0.06,0.013000000000000001,38.12474556624886,54.15421579415046,38.30336180342322,
0.06,0.013684210526315792,38.63495155313509,56.06726168572939,38.78750336368631,
0.06,0.016578947368421054,40.20319730127254,57.156660136689496,40.386583508547076,
0.06,0.019473684210526317,41.446368896257994,60.82070297575329,41.60095426136224,
0.06,0.022000000000000002,42.70671066056923,61.48755850886077,42.846546314573295,
0.06,0.022368421052631583,42.91453738579421,61.869735496292705,43.05047110123042,
0.06,0.025263157894736845,43.814787940469564,59.01351699228397,44.027796828911185,
0.06,0.028157894736842107,44.725602976666174,59.51648591278142,44.95851730258714,
0.06,0.031000000000000003,45.5101565059644,62.4410253239447,45.772164622146,
0.06,0.03105263157894737,45.417073137037804,62.86327515494206,45.66430149875069,
0.06,0.03394736842105263,46.31282111350793,63.50998950182745,46.53900894930448,
0.06,0.03684210526315789,46.965739595729374,61.326014116441684,47.260605758034615,
0.06,0.03973684210526316,47.419729580895336,60.78107551949988,47.79693773299239,
0.06,0.04,47.61384962443702,60.55171615432853,48.005326217128285,
0.06,0.04263157894736842,47.91493549894615,58.90005954432702,48.52319893122206,
0.06,0.045526315789473686,48.30659702277002,58.26461813311229,48.979271936964295,
0.06,0.04842105263157895,48.560722037025684,56.86743969733469,49.56697754732236,
0.06,0.05131578947368421,48.75883232766539,56.02557340653557,50.00485144136374,
0.06,0.05421052631578947,48.49456113210343,54.15822546481567,50.41970673731629,
0.06,0.056999999999999995,48.145930234412376,52.40123334034362,50.742094484375436,
0.06,0.057105263157894735,48.11236587224645,52.31588663890187,50.75670420734432,
0.06,0.06,47.2436011129998,50.18171038934359,51.23801384812502,
0.06,0.066,30.86478378719397,33.87648319831071,48.41524663759127,
0.08,0.004,27.51996780074103,46.57728488808658,27.62787428357595,
0.08,0.005,29.2290333498304,48.24539242785865,29.407889372394717,
0.08,0.008947368421052631,34.45273164356288,52.93489738963552,34.57505661899576,
0.08,0.012894736842105264,37.37304856725059,50.787473446098545,37.64304461702426,
0.08,0.013000000000000001,37.48079469264675,50.93169635402339,37.73943217369702,
0.08,0.016842105263157894,39.599880258293794,54.206256877759216,39.84373088010491,
0.08,0.020789473684210528,41.56209428279585,58.0820365412782,41.81668676176611,
0.08,0.022000000000000002,41.93354792665673,56.644837748815576,42.18866831459615,
0.08,0.024736842105263158,42.858894025930994,58.987177570018105,43.08355450503033,
0.08,0.02868421052631579,44.18008713290277,59.200843325765646,44.41580766121583,
0.08,0.031000000000000003,44.977659223854076,58.761944191387045,45.289992363266705,
0.08,0.03263157894736842,45.293323931859426,59.43104585707516,45.59323881714523,
0.08,0.03657894736842105,46.18388253589451,59.65111490158168,46.48474190230088,
0.08,0.04,46.98342553743543,62.235760273294474,47.24498828980408,
0.08,0.04052631578947368,47.20449964921485,63.59373386379147,47.45702503641198,
0.08,0.04447368421052631,48.088745747471,63.72558363966,48.33429823679342,
0.08,0.04842105263157895,48.728435994986924,66.77283126322163,48.94630163236067,
0.08,0.05236842105263158,49.25812904352319,65.47423765243789,49.55696623298345,
0.08,0.05631578947368421,49.815941939698554,64.75818797965631,50.160220320654346,
0.08,0.060263157894736845,50.33191234374872,64.4142965282658,50.730936579342426,
0.08,0.06421052631578948,50.7296339445591,63.04496297704672,51.34921540039501,
0.08,0.06815789473684211,51.041163154317985,62.028769701257275,51.80480662549486,
0.08,0.07210526315789474,50.89682249953267,59.116459606910354,52.22055732080561,
0.08,0.076,50.54264041749817,55.980209829096395,52.67407429029472,
0.08,0.07605263157894737,50.68353693498571,56.710253244196906,52.62225128790767,
0.08,0.08,49.88507959336444,53.92557660480861,53.083096804737565,
0.08,0.08800000000000001,30.236025396742967,33.02878001410693,48.81629343802612,
0.1,0.004,27.15455465666026,44.76894063609386,27.32411162335341,
0.1,0.005,28.954351912057046,46.152054267496894,29.12969550522927,
0.1,0.01,34.90395371680919,50.61083601287052,35.10211047595866,
0.1,0.013000000000000001,37.20788983918308,52.00574044948361,37.50063304204929,
0.1,0.015,38.37039249596761,50.37133676115775,38.72653869295133,
0.1,0.02,40.78655583443428,53.26895441180608,41.14196725131377,
0.1,0.022000000000000002,41.687131169806264,55.6526340018346,42.00090954366563,
0.1,0.025,42.55311226398498,55.34036359664985,42.96567871848592,
0.1,0.030000000000000002,44.32637644994084,58.48791179111697,44.62522239209253,
0.1,0.031000000000000003,44.68730580593932,59.53989997433017,44.97518325858546,
0.1,0.034999999999999996,45.7135013448806,59.948587944692704,46.025908584764814,
0.1,0.04,46.802482970445,59.64832862675898,47.16930465543992,
0.1,0.04,46.802482970445,59.64832862675898,47.16930465543992,
0.1,0.045,47.706992663283394,59.805764995945964,48.093486761388824,
0.1,0.049999999999999996,48.74251080476293,63.536349361551984,49.06756487718228,
0.1,0.055,49.57850016827973,64.13499732088738,49.86438134746872,
0.1,0.06,50.372054119442126,67.4014757638422,50.62305981589959,
0.1,0.065,50.95862016299887,66.48949101965,51.232068228380214,
0.1,0.07,51.506287403169644,65.00986505003215,51.87284593210074,
0.1,0.07500000000000001,52.097544528132616,65.91544563838788,52.46007911043809,
0.1,0.08,52.5617255701233,64.80519061092427,53.030621299696264,
0.1,0.085,52.87101432471295,64.51037316217241,53.54728922780205,
0.1,0.09000000000000001,52.83043225890217,61.85392336170182,54.03304856702693,
0.1,0.095,52.602577263507335,59.16757462075276,54.41122223541994,
0.1,0.095,52.602577263507335,59.16757462075276,54.41122223541994,
0.1,0.1,51.6532163490134,55.86559558916724,54.87536946809206,
0.1,0.11000000000000001,29.673369459473893,32.28719976213425,49.11983170941208,
0.12,0.004,26.26003107548339,42.915238779144886,26.53379166899056,
0.12,0.005,28.320257781478144,45.30118027576131,28.565754269837118,
0.12,0.011052631578947368,35.177719237752804,49.43684933985065,35.42730633656618,
0.12,0.013000000000000001,36.54278094703248,51.180906840246706,36.80398447453271,
0.12,0.017105263157894735,38.737507193497734,50.14650831661878,39.17549185879463,
0.12,0.022000000000000002,41.074516697437105,54.223571005558796,41.44255636022196,
0.12,0.023157894736842103,41.29016126737603,52.19195265098449,41.83241699811644,
0.12,0.02921052631578947,43.576614702544944,58.2177229024247,43.90804642021259,
0.12,0.031000000000000003,43.9303593433756,58.11028731556465,44.31600696323642,
0.12,0.03526315789473684,45.03412383517073,59.33793006246381,45.37028094637684,
0.12,0.04,46.24102267390721,60.64841276432426,46.57059566642856,
0.12,0.0413157894736842,46.54175861733389,61.074308416878154,46.867521318883846,
0.12,0.047368421052631574,47.42337251237778,59.542348308657395,47.858529638725685,
0.12,0.05342105263157894,48.675073577125914,60.525026761206874,49.106519934685615,
0.12,0.059473684210526304,49.54141026680414,62.84510842613096,49.940616284717606,
0.12,0.06552631578947368,50.473590900287554,64.10475088990255,50.801067443499974,
0.12,0.07157894736842105,51.27932063413528,66.7752943681045,51.57124818058609,
0.12,0.07763157894736841,51.89117133929712,66.91355845833154,52.19457850811161,
0.12,0.08368421052631578,52.616562766733736,67.10627381094538,52.96465247607898,
0.12,0.08973684210526316,53.02902870292925,66.77402495320999,53.3896174818006,
0.12,0.09578947368421052,53.545576600271346,65.70316683492487,54.018854895166584,
0.12,0.10184210526315789,54.03105851368344,65.27701162751896,54.61000182789835,
0.12,0.10789473684210525,54.041972997926194,64.67843997470763,55.03126182914137,
0.12,0.11394736842105262,54.004997292730465,62.20903118370747,55.5346935558477,
0.12,0.11399999999999999,53.841685489249386,62.124352140361424,55.33007865020197,
0.12,0.12,53.212145816429384,58.69079490961623,55.75327744628757,
0.12,0.132,29.63244439566626,32.22904880557587,49.24618567768035,
0.14,0.004,25.646610024033578,41.348776929746336,26.021615568025155,
0.14,0.005,27.79254529957738,44.309985232028495,28.10799983974104,
0.14,0.012105263157894737,35.278583361310574,47.822359989967566,35.639234532451965,
0.14,0.013000000000000001,36.06602971925953,48.112363360163286,36.45913035300516,
0.14,0.019210526315789473,39.15125216008595,49.73064224265144,39.70073580251333,
0.14,0.022000000000000002,40.27652528341812,52.52859675690716,40.74368173672211,
0.14,0.026315789473684213,42.14510905360983,53.99733909505785,42.63491453770776,
0.14,0.031000000000000003,43.34349022455128,54.42528734837484,43.88688819338631,
0.14,0.03342105263157895,44.03608630250233,57.78375712411142,44.48611458993078,
0.14,0.04,45.59445707617003,59.59089498786365,46.00145437420987,
0.14,0.04052631578947368,45.800166345153016,59.15891200572652,46.22400634914563,
0.14,0.04763157894736842,47.10158717065087,60.5813551001189,47.527257385074165,
0.14,0.05473684210526315,48.176291623469034,59.04372210223306,48.756625076010394,
0.14,0.06184210526315789,49.25129391638304,59.65595454582265,49.90026550171402,
0.14,0.06894736842105263,50.25434040190068,62.260923952836905,50.80104573326783,
0.14,0.07605263157894737,51.145795826004765,63.754962782513715,51.57017997998344,
0.14,0.08315789473684211,52.08308226372033,66.44644263713926,52.455476495525986,
0.14,0.09026315789473685,52.690987319277426,66.17071290646155,53.09322962095937,
0.14,0.09736842105263159,53.087060294206054,65.75043859257039,53.56293619115543,
0.14,0.10447368421052632,53.8481158802507,66.52764192230838,54.28170450144299,
0.14,0.11157894736842106,54.36155045593612,65.75356723624316,54.86371448233935,
0.14,0.1186842105263158,54.761946303548356,64.97774600132301,55.368697942200136,
0.14,0.12578947368421053,54.94041995870145,64.47271006445737,55.860704621508646,
0.14,0.13289473684210526,54.87411891133352,64.42169761466194,56.2065449128908,
0.14,0.133,54.90966707597408,64.30022851607986,56.273939690781575,
0.14,0.14,54.48697214264541,61.54301498141943,56.65740235310543,
0.14,0.15400000000000003,29.266899928757365,31.764863686038723,49.37948173825393,
0.16,0.004,24.868183680912498,39.43769233388272,25.51422907878484,
0.16,0.005,-6.381124343192367,43.384677245220516,-6.381115324973402,
0.16,0.013000000000000001,35.222897156207694,47.00579885880643,35.74874079691473,
0.16,0.013157894736842105,35.25444138577925,46.81261662203646,35.780825865997215,
0.16,0.02131578947368421,39.3967144443696,49.72061259481298,40.054166873846825,
0.16,0.022000000000000002,39.55192017521491,48.99539768356327,40.31727726830656,
0.16,0.029473684210526315,42.194348588866426,53.01586980720279,42.848903546032076,
0.16,0.031000000000000003,42.38132783137691,51.98829636490724,43.14914031102554,
0.16,0.03763157894736842,44.40806249169575,56.016583921266644,45.040876009388526,
0.16,0.04,44.8458665780548,55.549154428700476,45.558774451873575,
0.16,0.045789473684210526,46.097804128705285,58.44193168457295,46.68681589013879,
0.16,0.053947368421052626,47.58807161683623,60.08363594514674,48.16322134427543,
0.16,0.06210526315789473,48.52771724224905,58.84156974657925,49.24510630818931,
0.16,0.07026315789473685,49.71365154053266,60.2839477620242,50.392646685697954,
0.16,0.07842105263157895,50.56555453039702,60.89019988322383,51.32336294801319,
0.16,0.08657894736842106,51.51449252731324,62.842010298205906,52.09181194987431,
0.16,0.09473684210526316,52.458006884901145,65.31681194643971,52.97183542694643,
0.16,0.10289473684210526,53.0785235426988,65.87389152200926,53.602279318360246,
0.16,0.11105263157894738,53.70104838101034,66.15130721242602,54.246225631346576,
0.16,0.11921052631578948,54.197006940584046,65.09169968759022,54.85603803865904,
0.16,0.12736842105263158,54.76232056103183,65.03305493864812,55.455512164531,
0.16,0.1355263157894737,55.180094369395405,64.22808763504247,55.99082847576846,
0.16,0.1436842105263158,55.390635347403894,63.74022872194713,56.40319925479544,
0.16,0.1518421052631579,55.53647400230442,63.722194825016814,56.8180317880942,
0.16,0.152,55.633494313604984,63.81710274895521,56.89563811317085,
0.16,0.16,55.37068961643812,65.15838141368627,57.28184947198001,
0.16,0.17600000000000002,29.52609422794734,32.07992883021788,49.424966436800155,
0.18,0.004,23.97375724326715,37.83449813550165,24.86217631210945,
0.18,0.005,25.731152749601737,40.145365176609246,26.454469237332432,
0.18,0.013000000000000001,34.34100203587781,44.21312517806916,35.115669123725375,
0.18,0.014210526315789472,35.127427494386765,45.29640484441222,35.87274272935461,
0.18,0.022000000000000002,38.915429865414744,50.910864958708856,39.581232117866975,
0.18,0.023421052631578947,39.38904247478055,49.0782676230193,40.27044351513422,
0.18,0.031000000000000003,41.76353499537048,50.981440474590656,42.689696635313155,
0.18,0.032631578947368414,42.31337390613801,52.0801641571733,43.21579149894685,
0.18,0.04,44.02314700592978,53.07590923699439,45.01484960112214,
0.18,0.04184210526315789,44.45359942931763,54.921889919955916,45.31807396784677,
0.18,0.05105263157894736,46.20448799375421,57.14919221973071,47.01860286851925,
0.18,0.06026315789473683,47.7030571078705,58.60264358853786,48.506298827649765,
0.18,0.06947368421052631,48.55893151736236,57.99307447769495,49.495271795238985,
0.18,0.07868421052631579,49.8310485150492,59.23699510440332,50.80577446026893,
0.18,0.08789473684210526,50.72100163618462,59.73427798665702,51.74372834680277,
0.18,0.09710526315789474,51.68957968431066,62.011962487448955,52.53110746423025,
0.18,0.10631578947368421,52.61331431776674,64.6482449330264,53.381152656869105,
0.18,0.11552631578947367,53.25894103226573,65.71311551237766,54.01459558620206,
0.18,0.12473684210526315,53.84358508581486,65.52218671378701,54.60806462791963,
0.18,0.13394736842105262,54.127880377490776,64.6752031953539,55.01241051582271,
0.18,0.1431578947368421,54.94837080555378,65.90110468574532,55.76809144301227,
0.18,0.15236842105263157,55.44026489811102,66.2982565481951,56.24515546964557,
0.18,0.16157894736842104,55.665411304658306,67.84566215553195,56.825511718015065,
0.18,0.17078947368421052,54.97030093714603,63.35055219266307,57.07353956978732,
0.18,0.17099999999999999,54.98099839806699,63.324799446962786,57.15540212039372,
0.18,0.18,53.06725498586691,58.145932792134886,57.6684964671265,
0.18,0.198,29.30906747582562,31.91056931579911,49.363178939256,
0.2,0.004,21.7734632246717,31.21641265822865,23.616849789547366,
0.2,0.005,24.17230912858683,32.763957584873324,25.558138757598496,
0.2,0.013000000000000001,33.24554848022424,43.95034713949042,34.39773105618044,
0.2,0.015263157894736843,34.697503760125265,45.54224590141982,35.76820197640057,
0.2,0.022000000000000002,37.946044017694035,48.14497055840219,39.00851113231187,
0.2,0.025526315789473685,39.11763839346647,48.48367014705832,40.28281757605743,
0.2,0.031000000000000003,40.8186400724074,49.35150584039329,42.03736705053725,
0.2,0.035789473684210524,42.19744717222221,51.32117043279878,43.400685680204454,
0.2,0.04,43.10779025668806,52.01525231305992,44.34356798909347,
0.2,0.046052631578947366,44.304890321494526,53.661027492537386,45.45244022448681,
0.2,0.05631578947368421,46.152751485589775,56.017012794406256,47.25209171276813,
0.2,0.06657894736842106,47.743354806600124,57.63156977622293,48.8073129649544,
0.2,0.0768421052631579,48.78206083706352,57.57002188170617,49.95332341228998,
0.2,0.08710526315789474,49.89447101667867,58.62788490088218,51.07749688743852,
0.2,0.09736842105263158,50.74275650778179,59.565839603501445,51.97735416032838,
0.2,0.10763157894736843,51.34686746712568,61.25833481559694,52.46393621283677,
0.2,0.11789473684210527,52.544908975637725,63.27101602165142,53.508241348712325,
0.2,0.1281578947368421,53.1416798520722,66.0435025423173,53.97081902124359,
0.2,0.13842105263157894,53.99532820308852,67.66076025810398,54.71370226982248,
0.2,0.1486842105263158,54.570353081202555,68.85298996062647,55.26858890620599,
0.2,0.15894736842105264,54.04183690356759,64.26493748541641,55.8054056555682,
0.2,0.16921052631578948,52.91042657097336,58.91635846876355,56.58517119608398,
0.2,0.1794736842105263,50.74873951782018,54.722716673608005,56.86974792803536,
0.2,0.18973684210526315,47.97355903584158,50.95414941138861,57.45379268160867,
0.2,0.19,47.66635417039319,50.454687072405136,57.41707271622999,
0.2,0.2,45.596029695543685,48.09263286792046,57.755683560549244,
0.2,0.22000000000000003,29.70422099581036,32.93909778712606,49.20081781822793,
FS, Input, SNDR, SFDR, SNR, CIC_Bias
0.02,0.004,13.973301480569136,20.41428339088209,20.570242709363637,
0.02,0.005,16.814594014990877,24.54503443534955,22.917139807835373,
0.02,0.005789473684210527,18.918238691253656,26.13457010505914,24.657162963125714,
0.02,0.006578947368421052,20.582622881432005,29.22450130988321,25.780309590394538,
0.02,0.007368421052631579,22.075116006601636,31.307205709853775,26.784358734491835,
0.02,0.008157894736842105,23.437388186624553,33.221261745173464,27.722523568949036,
0.02,0.008947368421052631,24.549207918403923,34.71062452453735,28.27073815549074,
0.02,0.009736842105263158,25.66601257335172,36.133637008971704,28.975146982745116,
0.02,0.010526315789473684,26.078680921679677,35.70596830236617,29.214755693088637,
0.02,0.01131578947368421,27.08843538240267,35.335801405925466,29.71424319091708,
0.02,0.012105263157894737,26.276818819391185,34.6435785246758,30.041908558543128,
0.02,0.012894736842105264,27.262936760894103,36.662450881232914,29.850744988433963,
0.02,0.013000000000000001,27.459747962559653,37.20885679428055,30.017167194030733,
0.02,0.013684210526315788,28.374552021510283,36.69714618479922,30.710596084775133,
0.02,0.014473684210526316,29.30048823865659,38.6524355757133,30.85746510783563,
0.02,0.015263157894736843,30.054158041287966,39.735143079315236,31.332239595811814,
0.02,0.016052631578947367,30.541281419591485,40.75461433949617,31.84632427509838,
0.02,0.016842105263157894,31.306375517904414,42.45034239196862,32.49423878857887,
0.02,0.017631578947368422,30.9572100729498,41.574930073275226,32.486626352972976,
0.02,0.018421052631578946,31.893583153687473,42.74085196403266,33.34185431131417,
0.02,0.019,32.23192911045691,42.15810829047436,33.776142060329974,
0.02,0.019210526315789473,32.32701306682812,42.017593760615995,33.89963688870923,
0.02,0.02,32.46705899193711,39.96331937421482,34.41380007233928,
0.02,0.022000000000000002,33.30759012283523,41.21070270519178,35.41554861773352,
0.02,0.022000000000000002,33.30759012283523,41.21070270519178,35.41554861773352,
0.02,0.031000000000000003,17.483975149870687,17.857891668124523,36.80507132271083,
0.02,0.04,13.576864636704277,13.763762364854074,37.175539553283095,
0.03,0.004,19.8351276847603,28.299353935848274,24.332057121815673,
0.03,0.005,22.601830223317645,32.75665335157868,26.03164825497972,
0.03,0.00631578947368421,25.536341022423233,36.951016224804164,28.187532207085294,
0.03,0.0076315789473684215,27.59308688593474,38.91001447371114,29.688200957601794,
0.03,0.008947368421052631,29.56826368904568,41.96552474651068,31.11222429604421,
0.03,0.010263157894736842,31.143292326907137,44.1482761270354,32.39403078207303,
0.03,0.011578947368421053,32.49759381227031,46.59129273673071,33.449923628897565,
0.03,0.012894736842105264,33.744106554715636,47.296954341916305,34.490826894421964,
0.03,0.013000000000000001,33.89814632413769,47.58071499714819,34.62412891122441,
0.03,0.014210526315789472,34.91235587583268,49.65710580140163,35.57638233688087,
0.03,0.015526315789473683,34.81025240303087,45.60028370575445,36.087378543467196,
0.03,0.016842105263157894,35.06450422037814,46.505819394673296,35.922575873103625,
0.03,0.018157894736842106,36.31707914859759,48.860372368853405,36.99274510764845,
0.03,0.019473684210526317,37.13725766538518,49.403986890830964,37.89511729693076,
0.03,0.020789473684210528,37.74698352965806,48.00767600105257,38.5232586412596,
0.03,0.022000000000000002,38.33176886628359,47.59087055170434,39.15952313059506,
0.03,0.02210526315789474,38.394495237069485,47.4182827873276,39.21185527571372,
0.03,0.023421052631578947,38.170954279139636,44.82033874928055,39.69002889451035,
0.03,0.024736842105263158,38.778239646879385,45.644993827284054,40.0541529616264,
0.03,0.02605263157894737,39.13570031392898,44.92579534501843,40.68879566870911,
0.03,0.02736842105263158,39.08807228776429,43.70967242311191,41.2511749259932,
0.03,0.028499999999999998,39.156347056085956,42.981428536797026,41.75600635867,
0.03,0.02868421052631579,39.123773795519526,42.81006133061011,41.816676368748006,
0.03,0.03,38.704016292123185,41.66250137318265,42.13474061622613,
0.03,0.031000000000000003,38.35190982743416,40.797745799061516,42.54351506075573,
0.03,0.033,32.35198904960655,36.95681455466827,42.956816767915065,
0.03,0.04,19.988387721743575,20.6733620925678,42.444335157160296,
0.04,0.004,24.854486170999056,35.09182469781598,26.53464395394132,
0.04,0.005,26.93964880878539,39.44154792183819,28.03287414389546,
0.04,0.006842105263157895,30.34916004699214,45.203181086951474,30.965933700107627,
0.04,0.00868421052631579,32.64204368805996,48.20688888655239,33.01031554051314,
0.04,0.010526315789473686,34.513894029733144,50.57077392786013,34.75935132151774,
0.04,0.01236842105263158,35.952175441466146,50.848438804221644,36.22948456593805,
0.04,0.013000000000000001,36.57537978115445,53.547318285318866,36.809474931853956,
0.04,0.014210526315789476,37.21279391168948,55.14521514689889,37.42709414192277,
0.04,0.01605263157894737,38.33035164933504,51.5255384153929,38.59620413737032,
0.04,0.017894736842105265,39.37607026992025,55.41173899762066,39.616720716767446,
0.04,0.01973684210526316,39.96494699755663,54.58428291364365,40.43606224205239,
0.04,0.021578947368421055,40.52354686555974,53.246103614331474,40.830092696450734,
0.04,0.022000000000000002,40.69014098254481,53.372534558442624,41.08743717670081,
0.04,0.02342105263157895,41.26605445811444,55.88279783378607,41.51906409368885,
0.04,0.025263157894736845,42.02400678598401,54.26389004394895,42.46188820833774,
0.04,0.02710526315789474,42.44641523141497,51.64748129872285,43.13112746192648,
0.04,0.028947368421052635,-6.368660232730093,51.2015531914563,-6.3686517214387965,
0.04,0.03078947368421053,42.85802985000295,49.79377303627881,43.99747075291117,
0.04,0.031000000000000003,43.011864638289026,49.88450830257989,44.15284458761601,
0.04,0.03263157894736842,43.50880466695911,49.98383373492855,44.76386291409628,
0.04,0.034473684210526316,43.542921744195795,49.15074017777465,45.12501192419759,
0.04,0.03631578947368421,43.49138087211922,48.12818524892488,45.54907836386598,
0.04,0.038,43.46312730304948,47.39017192369383,45.93929004506357,
0.04,0.038157894736842106,43.433763118010766,47.145530187884845,46.074336654448246,
0.04,0.04,43.02110931284375,45.917487184269646,46.45433882215847,
0.04,0.04,43.02110931284375,45.917487184269646,46.45433882215847,
0.04,0.044000000000000004,31.654178325474565,36.73714235590643,46.74138320996516,
0.05,0.004,27.019391944750506,42.84920595874179,27.40288039774005,
0.05,0.005,28.84809771974741,45.828630442579765,29.04675377780081,
0.05,0.00736842105263158,32.34627696128439,49.96387608038597,32.62194110743391,
0.05,0.009736842105263158,34.56686483983967,54.6548660740861,34.69101833580866,
0.05,0.012105263157894737,36.72236474480002,57.00188841880083,36.84246994561042,
0.05,0.013000000000000001,37.21896747440836,55.92703439975652,37.43584602681055,
0.05,0.014473684210526316,38.30561127564109,58.79970909931663,38.43914932950391,
0.05,0.016842105263157894,39.59980546828059,56.189088144937074,39.76219584235156,
0.05,0.019210526315789477,40.637218920245324,53.830976272874,40.929511661228716,
0.05,0.021578947368421055,41.73741201015859,60.236866856670375,41.881958407441985,
0.05,0.022000000000000002,41.82644814787266,57.67420147492069,42.0173408485714,
0.05,0.023947368421052634,42.59499173159688,60.32441164083218,42.726338065182205,
0.05,0.026315789473684213,43.27288355850701,57.13306134191208,43.52066230539521,
0.05,0.02868421052631579,43.85736447662228,59.96285848674749,44.06373169449226,
0.05,0.031000000000000003,44.778801761575416,60.569472355833994,44.96142592722613,
0.05,0.03105263157894737,44.777374680353205,61.1313779464471,44.94515919987501,
0.05,0.03342105263157895,45.10705911572942,56.21609964907721,45.578023210131526,
0.05,0.03578947368421053,45.56759241476641,54.82285468153823,46.235773422736855,
0.05,0.038157894736842106,45.61879606839388,53.50772559184257,46.63482358605212,
0.05,0.04,45.97641997413361,53.95902548584404,46.9252172576267,
0.05,0.04052631578947368,46.08932205494323,53.859889315736964,47.06819441058882,
0.05,0.04289473684210526,46.22489609686511,52.789617741914086,47.562542939056144,
0.05,0.045263157894736845,46.074818080650736,51.26033637655729,47.95737985767787,
0.05,0.0475,45.98063952321337,50.133369794477176,48.39891774522039,
0.05,0.04763157894736842,45.95702270460279,49.9911125981056,48.47394075665549,
0.05,0.05,45.16908270452575,48.1050326522092,48.84527120327495,
0.05,0.05500000000000001,-6.373336787912453,33.88271796259045,-6.373302151337139,
0.06,0.004,28.066438983659964,46.13280887788082,28.249925610627734,
0.06,0.005,30.010059744682266,47.02019101688285,30.16592078535572,
0.06,0.007894736842105263,33.8232863014109,50.78479589888845,34.06644398481818,
0.06,0.010789473684210526,36.65210825597158,53.38643830858119,36.79879692639607,
0.06,0.013000000000000001,38.12474556624886,54.15421579415046,38.30336180342322,
0.06,0.013684210526315792,38.63495155313509,56.06726168572939,38.78750336368631,
0.06,0.016578947368421054,40.20319730127254,57.156660136689496,40.386583508547076,
0.06,0.019473684210526317,41.446368896257994,60.82070297575329,41.60095426136224,
0.06,0.022000000000000002,42.70671066056923,61.48755850886077,42.846546314573295,
0.06,0.022368421052631583,42.91453738579421,61.869735496292705,43.05047110123042,
0.06,0.025263157894736845,43.814787940469564,59.01351699228397,44.027796828911185,
0.06,0.028157894736842107,44.725602976666174,59.51648591278142,44.95851730258714,
0.06,0.031000000000000003,45.5101565059644,62.4410253239447,45.772164622146,
0.06,0.03105263157894737,45.417073137037804,62.86327515494206,45.66430149875069,
0.06,0.03394736842105263,46.31282111350793,63.50998950182745,46.53900894930448,
0.06,0.03684210526315789,46.965739595729374,61.326014116441684,47.260605758034615,
0.06,0.03973684210526316,47.419729580895336,60.78107551949988,47.79693773299239,
0.06,0.04,47.61384962443702,60.55171615432853,48.005326217128285,
0.06,0.04263157894736842,47.91493549894615,58.90005954432702,48.52319893122206,
0.06,0.045526315789473686,48.30659702277002,58.26461813311229,48.979271936964295,
0.06,0.04842105263157895,48.560722037025684,56.86743969733469,49.56697754732236,
0.06,0.05131578947368421,48.75883232766539,56.02557340653557,50.00485144136374,
0.06,0.05421052631578947,48.49456113210343,54.15822546481567,50.41970673731629,
0.06,0.056999999999999995,48.145930234412376,52.40123334034362,50.742094484375436,
0.06,0.057105263157894735,48.11236587224645,52.31588663890187,50.75670420734432,
0.06,0.06,47.2436011129998,50.18171038934359,51.23801384812502,
0.06,0.066,30.86478378719397,33.87648319831071,48.41524663759127,
0.08,0.004,27.51996780074103,46.57728488808658,27.62787428357595,
0.08,0.005,29.2290333498304,48.24539242785865,29.407889372394717,
0.08,0.008947368421052631,34.45273164356288,52.93489738963552,34.57505661899576,
0.08,0.012894736842105264,37.37304856725059,50.787473446098545,37.64304461702426,
0.08,0.013000000000000001,37.48079469264675,50.93169635402339,37.73943217369702,
0.08,0.016842105263157894,39.599880258293794,54.206256877759216,39.84373088010491,
0.08,0.020789473684210528,41.56209428279585,58.0820365412782,41.81668676176611,
0.08,0.022000000000000002,41.93354792665673,56.644837748815576,42.18866831459615,
0.08,0.024736842105263158,42.858894025930994,58.987177570018105,43.08355450503033,
0.08,0.02868421052631579,44.18008713290277,59.200843325765646,44.41580766121583,
0.08,0.031000000000000003,44.977659223854076,58.761944191387045,45.289992363266705,
0.08,0.03263157894736842,45.293323931859426,59.43104585707516,45.59323881714523,
0.08,0.03657894736842105,46.18388253589451,59.65111490158168,46.48474190230088,
0.08,0.04,46.98342553743543,62.235760273294474,47.24498828980408,
0.08,0.04052631578947368,47.20449964921485,63.59373386379147,47.45702503641198,
0.08,0.04447368421052631,48.088745747471,63.72558363966,48.33429823679342,
0.08,0.04842105263157895,48.728435994986924,66.77283126322163,48.94630163236067,
0.08,0.05236842105263158,49.25812904352319,65.47423765243789,49.55696623298345,
0.08,0.05631578947368421,49.815941939698554,64.75818797965631,50.160220320654346,
0.08,0.060263157894736845,50.33191234374872,64.4142965282658,50.730936579342426,
0.08,0.06421052631578948,50.7296339445591,63.04496297704672,51.34921540039501,
0.08,0.06815789473684211,51.041163154317985,62.028769701257275,51.80480662549486,
0.08,0.07210526315789474,50.89682249953267,59.116459606910354,52.22055732080561,
0.08,0.076,50.54264041749817,55.980209829096395,52.67407429029472,
0.08,0.07605263157894737,50.68353693498571,56.710253244196906,52.62225128790767,
0.08,0.08,49.88507959336444,53.92557660480861,53.083096804737565,
0.08,0.08800000000000001,30.236025396742967,33.02878001410693,48.81629343802612,
0.1,0.004,27.15455465666026,44.76894063609386,27.32411162335341,
0.1,0.005,28.954351912057046,46.152054267496894,29.12969550522927,
0.1,0.01,34.90395371680919,50.61083601287052,35.10211047595866,
0.1,0.013000000000000001,37.20788983918308,52.00574044948361,37.50063304204929,
0.1,0.015,38.37039249596761,50.37133676115775,38.72653869295133,
0.1,0.02,40.78655583443428,53.26895441180608,41.14196725131377,
0.1,0.022000000000000002,41.687131169806264,55.6526340018346,42.00090954366563,
0.1,0.025,42.55311226398498,55.34036359664985,42.96567871848592,
0.1,0.030000000000000002,44.32637644994084,58.48791179111697,44.62522239209253,
0.1,0.031000000000000003,44.68730580593932,59.53989997433017,44.97518325858546,
0.1,0.034999999999999996,45.7135013448806,59.948587944692704,46.025908584764814,
0.1,0.04,46.802482970445,59.64832862675898,47.16930465543992,
0.1,0.04,46.802482970445,59.64832862675898,47.16930465543992,
0.1,0.045,47.706992663283394,59.805764995945964,48.093486761388824,
0.1,0.049999999999999996,48.74251080476293,63.536349361551984,49.06756487718228,
0.1,0.055,49.57850016827973,64.13499732088738,49.86438134746872,
0.1,0.06,50.372054119442126,67.4014757638422,50.62305981589959,
0.1,0.065,50.95862016299887,66.48949101965,51.232068228380214,
0.1,0.07,51.506287403169644,65.00986505003215,51.87284593210074,
0.1,0.07500000000000001,52.097544528132616,65.91544563838788,52.46007911043809,
0.1,0.08,52.5617255701233,64.80519061092427,53.030621299696264,
0.1,0.085,52.87101432471295,64.51037316217241,53.54728922780205,
0.1,0.09000000000000001,52.83043225890217,61.85392336170182,54.03304856702693,
0.1,0.095,52.602577263507335,59.16757462075276,54.41122223541994,
0.1,0.095,52.602577263507335,59.16757462075276,54.41122223541994,
0.1,0.1,51.6532163490134,55.86559558916724,54.87536946809206,
0.1,0.11000000000000001,29.673369459473893,32.28719976213425,49.11983170941208,
0.12,0.004,26.26003107548339,42.915238779144886,26.53379166899056,
0.12,0.005,28.320257781478144,45.30118027576131,28.565754269837118,
0.12,0.011052631578947368,35.177719237752804,49.43684933985065,35.42730633656618,
0.12,0.013000000000000001,36.54278094703248,51.180906840246706,36.80398447453271,
0.12,0.017105263157894735,38.737507193497734,50.14650831661878,39.17549185879463,
0.12,0.022000000000000002,41.074516697437105,54.223571005558796,41.44255636022196,
0.12,0.023157894736842103,41.29016126737603,52.19195265098449,41.83241699811644,
0.12,0.02921052631578947,43.576614702544944,58.2177229024247,43.90804642021259,
0.12,0.031000000000000003,43.9303593433756,58.11028731556465,44.31600696323642,
0.12,0.03526315789473684,45.03412383517073,59.33793006246381,45.37028094637684,
0.12,0.04,46.24102267390721,60.64841276432426,46.57059566642856,
0.12,0.0413157894736842,46.54175861733389,61.074308416878154,46.867521318883846,
0.12,0.047368421052631574,47.42337251237778,59.542348308657395,47.858529638725685,
0.12,0.05342105263157894,48.675073577125914,60.525026761206874,49.106519934685615,
0.12,0.059473684210526304,49.54141026680414,62.84510842613096,49.940616284717606,
0.12,0.06552631578947368,50.473590900287554,64.10475088990255,50.801067443499974,
0.12,0.07157894736842105,51.27932063413528,66.7752943681045,51.57124818058609,
0.12,0.07763157894736841,51.89117133929712,66.91355845833154,52.19457850811161,
0.12,0.08368421052631578,52.616562766733736,67.10627381094538,52.96465247607898,
0.12,0.08973684210526316,53.02902870292925,66.77402495320999,53.3896174818006,
0.12,0.09578947368421052,53.545576600271346,65.70316683492487,54.018854895166584,
0.12,0.10184210526315789,54.03105851368344,65.27701162751896,54.61000182789835,
0.12,0.10789473684210525,54.041972997926194,64.67843997470763,55.03126182914137,
0.12,0.11394736842105262,54.004997292730465,62.20903118370747,55.5346935558477,
0.12,0.11399999999999999,53.841685489249386,62.124352140361424,55.33007865020197,
0.12,0.12,53.212145816429384,58.69079490961623,55.75327744628757,
0.12,0.132,29.63244439566626,32.22904880557587,49.24618567768035,
0.14,0.004,25.646610024033578,41.348776929746336,26.021615568025155,
0.14,0.005,27.79254529957738,44.309985232028495,28.10799983974104,
0.14,0.012105263157894737,35.278583361310574,47.822359989967566,35.639234532451965,
0.14,0.013000000000000001,36.06602971925953,48.112363360163286,36.45913035300516,
0.14,0.019210526315789473,39.15125216008595,49.73064224265144,39.70073580251333,
0.14,0.022000000000000002,40.27652528341812,52.52859675690716,40.74368173672211,
0.14,0.026315789473684213,42.14510905360983,53.99733909505785,42.63491453770776,
0.14,0.031000000000000003,43.34349022455128,54.42528734837484,43.88688819338631,
0.14,0.03342105263157895,44.03608630250233,57.78375712411142,44.48611458993078,
0.14,0.04,45.59445707617003,59.59089498786365,46.00145437420987,
0.14,0.04052631578947368,45.800166345153016,59.15891200572652,46.22400634914563,
0.14,0.04763157894736842,47.10158717065087,60.5813551001189,47.527257385074165,
0.14,0.05473684210526315,48.176291623469034,59.04372210223306,48.756625076010394,
0.14,0.06184210526315789,49.25129391638304,59.65595454582265,49.90026550171402,
0.14,0.06894736842105263,50.25434040190068,62.260923952836905,50.80104573326783,
0.14,0.07605263157894737,51.145795826004765,63.754962782513715,51.57017997998344,
0.14,0.08315789473684211,52.08308226372033,66.44644263713926,52.455476495525986,
0.14,0.09026315789473685,52.690987319277426,66.17071290646155,53.09322962095937,
0.14,0.09736842105263159,53.087060294206054,65.75043859257039,53.56293619115543,
0.14,0.10447368421052632,53.8481158802507,66.52764192230838,54.28170450144299,
0.14,0.11157894736842106,54.36155045593612,65.75356723624316,54.86371448233935,
0.14,0.1186842105263158,54.761946303548356,64.97774600132301,55.368697942200136,
0.14,0.12578947368421053,54.94041995870145,64.47271006445737,55.860704621508646,
0.14,0.13289473684210526,54.87411891133352,64.42169761466194,56.2065449128908,
0.14,0.133,54.90966707597408,64.30022851607986,56.273939690781575,
0.14,0.14,54.48697214264541,61.54301498141943,56.65740235310543,
0.14,0.15400000000000003,29.266899928757365,31.764863686038723,49.37948173825393,
0.16,0.004,24.868183680912498,39.43769233388272,25.51422907878484,
0.16,0.005,-6.381124343192367,43.384677245220516,-6.381115324973402,
0.16,0.013000000000000001,35.222897156207694,47.00579885880643,35.74874079691473,
0.16,0.013157894736842105,35.25444138577925,46.81261662203646,35.780825865997215,
0.16,0.02131578947368421,39.3967144443696,49.72061259481298,40.054166873846825,
0.16,0.022000000000000002,39.55192017521491,48.99539768356327,40.31727726830656,
0.16,0.029473684210526315,42.194348588866426,53.01586980720279,42.848903546032076,
0.16,0.031000000000000003,42.38132783137691,51.98829636490724,43.14914031102554,
0.16,0.03763157894736842,44.40806249169575,56.016583921266644,45.040876009388526,
0.16,0.04,44.8458665780548,55.549154428700476,45.558774451873575,
0.16,0.045789473684210526,46.097804128705285,58.44193168457295,46.68681589013879,
0.16,0.053947368421052626,47.58807161683623,60.08363594514674,48.16322134427543,
0.16,0.06210526315789473,48.52771724224905,58.84156974657925,49.24510630818931,
0.16,0.07026315789473685,49.71365154053266,60.2839477620242,50.392646685697954,
0.16,0.07842105263157895,50.56555453039702,60.89019988322383,51.32336294801319,
0.16,0.08657894736842106,51.51449252731324,62.842010298205906,52.09181194987431,
0.16,0.09473684210526316,52.458006884901145,65.31681194643971,52.97183542694643,
0.16,0.10289473684210526,53.0785235426988,65.87389152200926,53.602279318360246,
0.16,0.11105263157894738,53.70104838101034,66.15130721242602,54.246225631346576,
0.16,0.11921052631578948,54.197006940584046,65.09169968759022,54.85603803865904,
0.16,0.12736842105263158,54.76232056103183,65.03305493864812,55.455512164531,
0.16,0.1355263157894737,55.180094369395405,64.22808763504247,55.99082847576846,
0.16,0.1436842105263158,55.390635347403894,63.74022872194713,56.40319925479544,
0.16,0.1518421052631579,55.53647400230442,63.722194825016814,56.8180317880942,
0.16,0.152,55.633494313604984,63.81710274895521,56.89563811317085,
0.16,0.16,55.37068961643812,65.15838141368627,57.28184947198001,
0.16,0.17600000000000002,29.52609422794734,32.07992883021788,49.424966436800155,
0.18,0.004,23.97375724326715,37.83449813550165,24.86217631210945,
0.18,0.005,25.731152749601737,40.145365176609246,26.454469237332432,
0.18,0.013000000000000001,34.34100203587781,44.21312517806916,35.115669123725375,
0.18,0.014210526315789472,35.127427494386765,45.29640484441222,35.87274272935461,
0.18,0.022000000000000002,38.915429865414744,50.910864958708856,39.581232117866975,
0.18,0.023421052631578947,39.38904247478055,49.0782676230193,40.27044351513422,
0.18,0.031000000000000003,41.76353499537048,50.981440474590656,42.689696635313155,
0.18,0.032631578947368414,42.31337390613801,52.0801641571733,43.21579149894685,
0.18,0.04,44.02314700592978,53.07590923699439,45.01484960112214,
0.18,0.04184210526315789,44.45359942931763,54.921889919955916,45.31807396784677,
0.18,0.05105263157894736,46.20448799375421,57.14919221973071,47.01860286851925,
0.18,0.06026315789473683,47.7030571078705,58.60264358853786,48.506298827649765,
0.18,0.06947368421052631,48.55893151736236,57.99307447769495,49.495271795238985,
0.18,0.07868421052631579,49.8310485150492,59.23699510440332,50.80577446026893,
0.18,0.08789473684210526,50.72100163618462,59.73427798665702,51.74372834680277,
0.18,0.09710526315789474,51.68957968431066,62.011962487448955,52.53110746423025,
0.18,0.10631578947368421,52.61331431776674,64.6482449330264,53.381152656869105,
0.18,0.11552631578947367,53.25894103226573,65.71311551237766,54.01459558620206,
0.18,0.12473684210526315,53.84358508581486,65.52218671378701,54.60806462791963,
0.18,0.13394736842105262,54.127880377490776,64.6752031953539,55.01241051582271,
0.18,0.1431578947368421,54.94837080555378,65.90110468574532,55.76809144301227,
0.18,0.15236842105263157,55.44026489811102,66.2982565481951,56.24515546964557,
0.18,0.16157894736842104,55.665411304658306,67.84566215553195,56.825511718015065,
0.18,0.17078947368421052,54.97030093714603,63.35055219266307,57.07353956978732,
0.18,0.17099999999999999,54.98099839806699,63.324799446962786,57.15540212039372,
0.18,0.18,53.06725498586691,58.145932792134886,57.6684964671265,
0.18,0.198,29.30906747582562,31.91056931579911,49.363178939256,
0.2,0.004,21.7734632246717,31.21641265822865,23.616849789547366,
0.2,0.005,24.17230912858683,32.763957584873324,25.558138757598496,
0.2,0.013000000000000001,33.24554848022424,43.95034713949042,34.39773105618044,
0.2,0.015263157894736843,34.697503760125265,45.54224590141982,35.76820197640057,
0.2,0.022000000000000002,37.946044017694035,48.14497055840219,39.00851113231187,
0.2,0.025526315789473685,39.11763839346647,48.48367014705832,40.28281757605743,
0.2,0.031000000000000003,40.8186400724074,49.35150584039329,42.03736705053725,
0.2,0.035789473684210524,42.19744717222221,51.32117043279878,43.400685680204454,
0.2,0.04,43.10779025668806,52.01525231305992,44.34356798909347,
0.2,0.046052631578947366,44.304890321494526,53.661027492537386,45.45244022448681,
0.2,0.05631578947368421,46.152751485589775,56.017012794406256,47.25209171276813,
0.2,0.06657894736842106,47.743354806600124,57.63156977622293,48.8073129649544,
0.2,0.0768421052631579,48.78206083706352,57.57002188170617,49.95332341228998,
0.2,0.08710526315789474,49.89447101667867,58.62788490088218,51.07749688743852,
0.2,0.09736842105263158,50.74275650778179,59.565839603501445,51.97735416032838,
0.2,0.10763157894736843,51.34686746712568,61.25833481559694,52.46393621283677,
0.2,0.11789473684210527,52.544908975637725,63.27101602165142,53.508241348712325,
0.2,0.1281578947368421,53.1416798520722,66.0435025423173,53.97081902124359,
0.2,0.13842105263157894,53.99532820308852,67.66076025810398,54.71370226982248,
0.2,0.1486842105263158,54.570353081202555,68.85298996062647,55.26858890620599,
0.2,0.15894736842105264,54.04183690356759,64.26493748541641,55.8054056555682,
0.2,0.16921052631578948,52.91042657097336,58.91635846876355,56.58517119608398,
0.2,0.1794736842105263,50.74873951782018,54.722716673608005,56.86974792803536,
0.2,0.18973684210526315,47.97355903584158,50.95414941138861,57.45379268160867,
0.2,0.19,47.66635417039319,50.454687072405136,57.41707271622999,
0.2,0.2,45.596029695543685,48.09263286792046,57.755683560549244,
0.2,0.22000000000000003,29.70422099581036,32.93909778712606,49.20081781822793,
FS, Input, SNDR, SFDR, SNR, CIC_Bias
FS, Input, SNDR, SFDR, SNR, CIC_Bias
0.02,0.004,13.973301480569136,20.41428339088209,20.570242709363637,
0.02,0.005,16.814594014990877,24.54503443534955,22.917139807835373,
0.02,0.005789473684210527,18.918238691253656,26.13457010505914,24.657162963125714,
0.02,0.006578947368421052,20.582622881432005,29.22450130988321,25.780309590394538,
0.02,0.007368421052631579,22.075116006601636,31.307205709853775,26.784358734491835,
0.02,0.008157894736842105,23.437388186624553,33.221261745173464,27.722523568949036,
0.02,0.008947368421052631,24.549207918403923,34.71062452453735,28.27073815549074,
0.02,0.009736842105263158,25.66601257335172,36.133637008971704,28.975146982745116,
0.02,0.010526315789473684,26.078680921679677,35.70596830236617,29.214755693088637,
0.02,0.01131578947368421,27.08843538240267,35.335801405925466,29.71424319091708,
0.02,0.012105263157894737,26.276818819391185,34.6435785246758,30.041908558543128,
0.02,0.012894736842105264,27.262936760894103,36.662450881232914,29.850744988433963,
0.02,0.013000000000000001,27.459747962559653,37.20885679428055,30.017167194030733,
0.02,0.013684210526315788,28.374552021510283,36.69714618479922,30.710596084775133,
0.02,0.014473684210526316,29.30048823865659,38.6524355757133,30.85746510783563,
0.02,0.015263157894736843,30.054158041287966,39.735143079315236,31.332239595811814,
0.02,0.016052631578947367,30.541281419591485,40.75461433949617,31.84632427509838,
0.02,0.016842105263157894,31.306375517904414,42.45034239196862,32.49423878857887,
0.02,0.017631578947368422,30.9572100729498,41.574930073275226,32.486626352972976,
0.02,0.018421052631578946,31.893583153687473,42.74085196403266,33.34185431131417,
0.02,0.019,32.23192911045691,42.15810829047436,33.776142060329974,
0.02,0.019210526315789473,32.32701306682812,42.017593760615995,33.89963688870923,
0.02,0.02,32.46705899193711,39.96331937421482,34.41380007233928,
0.02,0.022000000000000002,33.30759012283523,41.21070270519178,35.41554861773352,
0.02,0.022000000000000002,33.30759012283523,41.21070270519178,35.41554861773352,
0.02,0.031000000000000003,17.483975149870687,17.857891668124523,36.80507132271083,
0.02,0.04,13.576864636704277,13.763762364854074,37.175539553283095,
0.03,0.004,19.8351276847603,28.299353935848274,24.332057121815673,
0.03,0.005,22.601830223317645,32.75665335157868,26.03164825497972,
0.03,0.00631578947368421,25.536341022423233,36.951016224804164,28.187532207085294,
0.03,0.0076315789473684215,27.59308688593474,38.91001447371114,29.688200957601794,
0.03,0.008947368421052631,29.56826368904568,41.96552474651068,31.11222429604421,
0.03,0.010263157894736842,31.143292326907137,44.1482761270354,32.39403078207303,
0.03,0.011578947368421053,32.49759381227031,46.59129273673071,33.449923628897565,
0.03,0.012894736842105264,33.744106554715636,47.296954341916305,34.490826894421964,
0.03,0.013000000000000001,33.89814632413769,47.58071499714819,34.62412891122441,
0.03,0.014210526315789472,34.91235587583268,49.65710580140163,35.57638233688087,
0.03,0.015526315789473683,34.81025240303087,45.60028370575445,36.087378543467196,
0.03,0.016842105263157894,35.06450422037814,46.505819394673296,35.922575873103625,
0.03,0.018157894736842106,36.31707914859759,48.860372368853405,36.99274510764845,
0.03,0.019473684210526317,37.13725766538518,49.403986890830964,37.89511729693076,
0.03,0.020789473684210528,37.74698352965806,48.00767600105257,38.5232586412596,
0.03,0.022000000000000002,38.33176886628359,47.59087055170434,39.15952313059506,
0.03,0.02210526315789474,38.394495237069485,47.4182827873276,39.21185527571372,
0.03,0.023421052631578947,38.170954279139636,44.82033874928055,39.69002889451035,
0.03,0.024736842105263158,38.778239646879385,45.644993827284054,40.0541529616264,
0.03,0.02605263157894737,39.13570031392898,44.92579534501843,40.68879566870911,
0.03,0.02736842105263158,39.08807228776429,43.70967242311191,41.2511749259932,
0.03,0.028499999999999998,39.156347056085956,42.981428536797026,41.75600635867,
0.03,0.02868421052631579,39.123773795519526,42.81006133061011,41.816676368748006,
0.03,0.03,38.704016292123185,41.66250137318265,42.13474061622613,
0.03,0.031000000000000003,38.35190982743416,40.797745799061516,42.54351506075573,
0.03,0.033,32.35198904960655,36.95681455466827,42.956816767915065,
0.03,0.04,19.988387721743575,20.6733620925678,42.444335157160296,
0.04,0.004,24.854486170999056,35.09182469781598,26.53464395394132,
0.04,0.005,26.93964880878539,39.44154792183819,28.03287414389546,
0.04,0.006842105263157895,30.34916004699214,45.203181086951474,30.965933700107627,
0.04,0.00868421052631579,32.64204368805996,48.20688888655239,33.01031554051314,
0.04,0.010526315789473686,34.513894029733144,50.57077392786013,34.75935132151774,
0.04,0.01236842105263158,35.952175441466146,50.848438804221644,36.22948456593805,
0.04,0.013000000000000001,36.57537978115445,53.547318285318866,36.809474931853956,
0.04,0.014210526315789476,37.21279391168948,55.14521514689889,37.42709414192277,
0.04,0.01605263157894737,38.33035164933504,51.5255384153929,38.59620413737032,
0.04,0.017894736842105265,39.37607026992025,55.41173899762066,39.616720716767446,
0.04,0.01973684210526316,39.96494699755663,54.58428291364365,40.43606224205239,
0.04,0.021578947368421055,40.52354686555974,53.246103614331474,40.830092696450734,
0.04,0.022000000000000002,40.69014098254481,53.372534558442624,41.08743717670081,
0.04,0.02342105263157895,41.26605445811444,55.88279783378607,41.51906409368885,
0.04,0.025263157894736845,42.02400678598401,54.26389004394895,42.46188820833774,
0.04,0.02710526315789474,42.44641523141497,51.64748129872285,43.13112746192648,
0.04,0.028947368421052635,-6.368660232730093,51.2015531914563,-6.3686517214387965,
0.04,0.03078947368421053,42.85802985000295,49.79377303627881,43.99747075291117,
0.04,0.031000000000000003,43.011864638289026,49.88450830257989,44.15284458761601,
0.04,0.03263157894736842,43.50880466695911,49.98383373492855,44.76386291409628,
0.04,0.034473684210526316,43.542921744195795,49.15074017777465,45.12501192419759,
0.04,0.03631578947368421,43.49138087211922,48.12818524892488,45.54907836386598,
0.04,0.038,43.46312730304948,47.39017192369383,45.93929004506357,
0.04,0.038157894736842106,43.433763118010766,47.145530187884845,46.074336654448246,
0.04,0.04,43.02110931284375,45.917487184269646,46.45433882215847,
0.04,0.04,43.02110931284375,45.917487184269646,46.45433882215847,
0.04,0.044000000000000004,31.654178325474565,36.73714235590643,46.74138320996516,
0.05,0.004,27.019391944750506,42.84920595874179,27.40288039774005,
0.05,0.005,28.84809771974741,45.828630442579765,29.04675377780081,
0.05,0.00736842105263158,32.34627696128439,49.96387608038597,32.62194110743391,
0.05,0.009736842105263158,34.56686483983967,54.6548660740861,34.69101833580866,
0.05,0.012105263157894737,36.72236474480002,57.00188841880083,36.84246994561042,
0.05,0.013000000000000001,37.21896747440836,55.92703439975652,37.43584602681055,
0.05,0.014473684210526316,38.30561127564109,58.79970909931663,38.43914932950391,
0.05,0.016842105263157894,39.59980546828059,56.189088144937074,39.76219584235156,
0.05,0.019210526315789477,40.637218920245324,53.830976272874,40.929511661228716,
0.05,0.021578947368421055,41.73741201015859,60.236866856670375,41.881958407441985,
0.05,0.022000000000000002,41.82644814787266,57.67420147492069,42.0173408485714,
0.05,0.023947368421052634,42.59499173159688,60.32441164083218,42.726338065182205,
0.05,0.026315789473684213,43.27288355850701,57.13306134191208,43.52066230539521,
0.05,0.02868421052631579,43.85736447662228,59.96285848674749,44.06373169449226,
0.05,0.031000000000000003,44.778801761575416,60.569472355833994,44.96142592722613,
0.05,0.03105263157894737,44.777374680353205,61.1313779464471,44.94515919987501,
0.05,0.03342105263157895,45.10705911572942,56.21609964907721,45.578023210131526,
0.05,0.03578947368421053,45.56759241476641,54.82285468153823,46.235773422736855,
0.05,0.038157894736842106,45.61879606839388,53.50772559184257,46.63482358605212,
0.05,0.04,45.97641997413361,53.95902548584404,46.9252172576267,
0.05,0.04052631578947368,46.08932205494323,53.859889315736964,47.06819441058882,
0.05,0.04289473684210526,46.22489609686511,52.789617741914086,47.562542939056144,
0.05,0.045263157894736845,46.074818080650736,51.26033637655729,47.95737985767787,
0.05,0.0475,45.98063952321337,50.133369794477176,48.39891774522039,
0.05,0.04763157894736842,45.95702270460279,49.9911125981056,48.47394075665549,
0.05,0.05,45.16908270452575,48.1050326522092,48.84527120327495,
0.05,0.05500000000000001,-6.373336787912453,33.88271796259045,-6.373302151337139,
0.06,0.004,28.066438983659964,46.13280887788082,28.249925610627734,
0.06,0.005,30.010059744682266,47.02019101688285,30.16592078535572,
0.06,0.007894736842105263,33.8232863014109,50.78479589888845,34.06644398481818,
0.06,0.010789473684210526,36.65210825597158,53.38643830858119,36.79879692639607,
0.06,0.013000000000000001,38.12474556624886,54.15421579415046,38.30336180342322,
0.06,0.013684210526315792,38.63495155313509,56.06726168572939,38.78750336368631,
0.06,0.016578947368421054,40.20319730127254,57.156660136689496,40.386583508547076,
0.06,0.019473684210526317,41.446368896257994,60.82070297575329,41.60095426136224,
0.06,0.022000000000000002,42.70671066056923,61.48755850886077,42.846546314573295,
0.06,0.022368421052631583,42.91453738579421,61.869735496292705,43.05047110123042,
0.06,0.025263157894736845,43.814787940469564,59.01351699228397,44.027796828911185,
0.06,0.028157894736842107,44.725602976666174,59.51648591278142,44.95851730258714,
0.06,0.031000000000000003,45.5101565059644,62.4410253239447,45.772164622146,
0.06,0.03105263157894737,45.417073137037804,62.86327515494206,45.66430149875069,
0.06,0.03394736842105263,46.31282111350793,63.50998950182745,46.53900894930448,
0.06,0.03684210526315789,46.965739595729374,61.326014116441684,47.260605758034615,
0.06,0.03973684210526316,47.419729580895336,60.78107551949988,47.79693773299239,
0.06,0.04,47.61384962443702,60.55171615432853,48.005326217128285,
0.06,0.04263157894736842,47.91493549894615,58.90005954432702,48.52319893122206,
0.06,0.045526315789473686,48.30659702277002,58.26461813311229,48.979271936964295,
0.06,0.04842105263157895,48.560722037025684,56.86743969733469,49.56697754732236,
0.06,0.05131578947368421,48.75883232766539,56.02557340653557,50.00485144136374,
0.06,0.05421052631578947,48.49456113210343,54.15822546481567,50.41970673731629,
0.06,0.056999999999999995,48.145930234412376,52.40123334034362,50.742094484375436,
0.06,0.057105263157894735,48.11236587224645,52.31588663890187,50.75670420734432,
0.06,0.06,47.2436011129998,50.18171038934359,51.23801384812502,
0.06,0.066,30.86478378719397,33.87648319831071,48.41524663759127,
0.08,0.004,27.51996780074103,46.57728488808658,27.62787428357595,
0.08,0.005,29.2290333498304,48.24539242785865,29.407889372394717,
0.08,0.008947368421052631,34.45273164356288,52.93489738963552,34.57505661899576,
0.08,0.012894736842105264,37.37304856725059,50.787473446098545,37.64304461702426,
0.08,0.013000000000000001,37.48079469264675,50.93169635402339,37.73943217369702,
0.08,0.016842105263157894,39.599880258293794,54.206256877759216,39.84373088010491,
0.08,0.020789473684210528,41.56209428279585,58.0820365412782,41.81668676176611,
0.08,0.022000000000000002,41.93354792665673,56.644837748815576,42.18866831459615,
0.08,0.024736842105263158,42.858894025930994,58.987177570018105,43.08355450503033,
0.08,0.02868421052631579,44.18008713290277,59.200843325765646,44.41580766121583,
0.08,0.031000000000000003,44.977659223854076,58.761944191387045,45.289992363266705,
0.08,0.03263157894736842,45.293323931859426,59.43104585707516,45.59323881714523,
0.08,0.03657894736842105,46.18388253589451,59.65111490158168,46.48474190230088,
0.08,0.04,46.98342553743543,62.235760273294474,47.24498828980408,
0.08,0.04052631578947368,47.20449964921485,63.59373386379147,47.45702503641198,
0.08,0.04447368421052631,48.088745747471,63.72558363966,48.33429823679342,
0.08,0.04842105263157895,48.728435994986924,66.77283126322163,48.94630163236067,
0.08,0.05236842105263158,49.25812904352319,65.47423765243789,49.55696623298345,
0.08,0.05631578947368421,49.815941939698554,64.75818797965631,50.160220320654346,
0.08,0.060263157894736845,50.33191234374872,64.4142965282658,50.730936579342426,
0.08,0.06421052631578948,50.7296339445591,63.04496297704672,51.34921540039501,
0.08,0.06815789473684211,51.041163154317985,62.028769701257275,51.80480662549486,
0.08,0.07210526315789474,50.89682249953267,59.116459606910354,52.22055732080561,
0.08,0.076,50.54264041749817,55.980209829096395,52.67407429029472,
0.08,0.07605263157894737,50.68353693498571,56.710253244196906,52.62225128790767,
0.08,0.08,49.88507959336444,53.92557660480861,53.083096804737565,
0.08,0.08800000000000001,30.236025396742967,33.02878001410693,48.81629343802612,
0.1,0.004,27.15455465666026,44.76894063609386,27.32411162335341,
0.1,0.005,28.954351912057046,46.152054267496894,29.12969550522927,
0.1,0.01,34.90395371680919,50.61083601287052,35.10211047595866,
0.1,0.013000000000000001,37.20788983918308,52.00574044948361,37.50063304204929,
0.1,0.015,38.37039249596761,50.37133676115775,38.72653869295133,
0.1,0.02,40.78655583443428,53.26895441180608,41.14196725131377,
0.1,0.022000000000000002,41.687131169806264,55.6526340018346,42.00090954366563,
0.1,0.025,42.55311226398498,55.34036359664985,42.96567871848592,
0.1,0.030000000000000002,44.32637644994084,58.48791179111697,44.62522239209253,
0.1,0.031000000000000003,44.68730580593932,59.53989997433017,44.97518325858546,
0.1,0.034999999999999996,45.7135013448806,59.948587944692704,46.025908584764814,
0.1,0.04,46.802482970445,59.64832862675898,47.16930465543992,
0.1,0.04,46.802482970445,59.64832862675898,47.16930465543992,
0.1,0.045,47.706992663283394,59.805764995945964,48.093486761388824,
0.1,0.049999999999999996,48.74251080476293,63.536349361551984,49.06756487718228,
0.1,0.055,49.57850016827973,64.13499732088738,49.86438134746872,
0.1,0.06,50.372054119442126,67.4014757638422,50.62305981589959,
0.1,0.065,50.95862016299887,66.48949101965,51.232068228380214,
0.1,0.07,51.506287403169644,65.00986505003215,51.87284593210074,
0.1,0.07500000000000001,52.097544528132616,65.91544563838788,52.46007911043809,
0.1,0.08,52.5617255701233,64.80519061092427,53.030621299696264,
0.1,0.085,52.87101432471295,64.51037316217241,53.54728922780205,
0.1,0.09000000000000001,52.83043225890217,61.85392336170182,54.03304856702693,
0.1,0.095,52.602577263507335,59.16757462075276,54.41122223541994,
0.1,0.095,52.602577263507335,59.16757462075276,54.41122223541994,
0.1,0.1,51.6532163490134,55.86559558916724,54.87536946809206,
0.1,0.11000000000000001,29.673369459473893,32.28719976213425,49.11983170941208,
0.12,0.004,26.26003107548339,42.915238779144886,26.53379166899056,
0.12,0.005,28.320257781478144,45.30118027576131,28.565754269837118,
0.12,0.011052631578947368,35.177719237752804,49.43684933985065,35.42730633656618,
0.12,0.013000000000000001,36.54278094703248,51.180906840246706,36.80398447453271,
0.12,0.017105263157894735,38.737507193497734,50.14650831661878,39.17549185879463,
0.12,0.022000000000000002,41.074516697437105,54.223571005558796,41.44255636022196,
0.12,0.023157894736842103,41.29016126737603,52.19195265098449,41.83241699811644,
0.12,0.02921052631578947,43.576614702544944,58.2177229024247,43.90804642021259,
0.12,0.031000000000000003,43.9303593433756,58.11028731556465,44.31600696323642,
0.12,0.03526315789473684,45.03412383517073,59.33793006246381,45.37028094637684,
0.12,0.04,46.24102267390721,60.64841276432426,46.57059566642856,
0.12,0.0413157894736842,46.54175861733389,61.074308416878154,46.867521318883846,
0.12,0.047368421052631574,47.42337251237778,59.542348308657395,47.858529638725685,
0.12,0.05342105263157894,48.675073577125914,60.525026761206874,49.106519934685615,
0.12,0.059473684210526304,49.54141026680414,62.84510842613096,49.940616284717606,
0.12,0.06552631578947368,50.473590900287554,64.10475088990255,50.801067443499974,
0.12,0.07157894736842105,51.27932063413528,66.7752943681045,51.57124818058609,
0.12,0.07763157894736841,51.89117133929712,66.91355845833154,52.19457850811161,
0.12,0.08368421052631578,52.616562766733736,67.10627381094538,52.96465247607898,
0.12,0.08973684210526316,53.02902870292925,66.77402495320999,53.3896174818006,
0.12,0.09578947368421052,53.545576600271346,65.70316683492487,54.018854895166584,
0.12,0.10184210526315789,54.03105851368344,65.27701162751896,54.61000182789835,
0.12,0.10789473684210525,54.041972997926194,64.67843997470763,55.03126182914137,
0.12,0.11394736842105262,54.004997292730465,62.20903118370747,55.5346935558477,
0.12,0.11399999999999999,53.841685489249386,62.124352140361424,55.33007865020197,
0.12,0.12,53.212145816429384,58.69079490961623,55.75327744628757,
0.12,0.132,29.63244439566626,32.22904880557587,49.24618567768035,
0.14,0.004,25.646610024033578,41.348776929746336,26.021615568025155,
0.14,0.005,27.79254529957738,44.309985232028495,28.10799983974104,
0.14,0.012105263157894737,35.278583361310574,47.822359989967566,35.639234532451965,
0.14,0.013000000000000001,36.06602971925953,48.112363360163286,36.45913035300516,
0.14,0.019210526315789473,39.15125216008595,49.73064224265144,39.70073580251333,
0.14,0.022000000000000002,40.27652528341812,52.52859675690716,40.74368173672211,
0.14,0.026315789473684213,42.14510905360983,53.99733909505785,42.63491453770776,
0.14,0.031000000000000003,43.34349022455128,54.42528734837484,43.88688819338631,
0.14,0.03342105263157895,44.03608630250233,57.78375712411142,44.48611458993078,
0.14,0.04,45.59445707617003,59.59089498786365,46.00145437420987,
0.14,0.04052631578947368,45.800166345153016,59.15891200572652,46.22400634914563,
0.14,0.04763157894736842,47.10158717065087,60.5813551001189,47.527257385074165,
0.14,0.05473684210526315,48.176291623469034,59.04372210223306,48.756625076010394,
0.14,0.06184210526315789,49.25129391638304,59.65595454582265,49.90026550171402,
0.14,0.06894736842105263,50.25434040190068,62.260923952836905,50.80104573326783,
0.14,0.07605263157894737,51.145795826004765,63.754962782513715,51.57017997998344,
0.14,0.08315789473684211,52.08308226372033,66.44644263713926,52.455476495525986,
0.14,0.09026315789473685,52.690987319277426,66.17071290646155,53.09322962095937,
0.14,0.09736842105263159,53.087060294206054,65.75043859257039,53.56293619115543,
0.14,0.10447368421052632,53.8481158802507,66.52764192230838,54.28170450144299,
0.14,0.11157894736842106,54.36155045593612,65.75356723624316,54.86371448233935,
0.14,0.1186842105263158,54.761946303548356,64.97774600132301,55.368697942200136,
0.14,0.12578947368421053,54.94041995870145,64.47271006445737,55.860704621508646,
0.14,0.13289473684210526,54.87411891133352,64.42169761466194,56.2065449128908,
0.14,0.133,54.90966707597408,64.30022851607986,56.273939690781575,
0.14,0.14,54.48697214264541,61.54301498141943,56.65740235310543,
0.14,0.15400000000000003,29.266899928757365,31.764863686038723,49.37948173825393,
0.16,0.004,24.868183680912498,39.43769233388272,25.51422907878484,
0.16,0.005,-6.381124343192367,43.384677245220516,-6.381115324973402,
0.16,0.013000000000000001,35.222897156207694,47.00579885880643,35.74874079691473,
0.16,0.013157894736842105,35.25444138577925,46.81261662203646,35.780825865997215,
0.16,0.02131578947368421,39.3967144443696,49.72061259481298,40.054166873846825,
0.16,0.022000000000000002,39.55192017521491,48.99539768356327,40.31727726830656,
0.16,0.029473684210526315,42.194348588866426,53.01586980720279,42.848903546032076,
0.16,0.031000000000000003,42.38132783137691,51.98829636490724,43.14914031102554,
0.16,0.03763157894736842,44.40806249169575,56.016583921266644,45.040876009388526,
0.16,0.04,44.8458665780548,55.549154428700476,45.558774451873575,
0.16,0.045789473684210526,46.097804128705285,58.44193168457295,46.68681589013879,
0.16,0.053947368421052626,47.58807161683623,60.08363594514674,48.16322134427543,
0.16,0.06210526315789473,48.52771724224905,58.84156974657925,49.24510630818931,
0.16,0.07026315789473685,49.71365154053266,60.2839477620242,50.392646685697954,
0.16,0.07842105263157895,50.56555453039702,60.89019988322383,51.32336294801319,
0.16,0.08657894736842106,51.51449252731324,62.842010298205906,52.09181194987431,
0.16,0.09473684210526316,52.458006884901145,65.31681194643971,52.97183542694643,
0.16,0.10289473684210526,53.0785235426988,65.87389152200926,53.602279318360246,
0.16,0.11105263157894738,53.70104838101034,66.15130721242602,54.246225631346576,
0.16,0.11921052631578948,54.197006940584046,65.09169968759022,54.85603803865904,
0.16,0.12736842105263158,54.76232056103183,65.03305493864812,55.455512164531,
0.16,0.1355263157894737,55.180094369395405,64.22808763504247,55.99082847576846,
0.16,0.1436842105263158,55.390635347403894,63.74022872194713,56.40319925479544,
0.16,0.1518421052631579,55.53647400230442,63.722194825016814,56.8180317880942,
0.16,0.152,55.633494313604984,63.81710274895521,56.89563811317085,
0.16,0.16,55.37068961643812,65.15838141368627,57.28184947198001,
0.16,0.17600000000000002,29.52609422794734,32.07992883021788,49.424966436800155,
0.18,0.004,23.97375724326715,37.83449813550165,24.86217631210945,
0.18,0.005,25.731152749601737,40.145365176609246,26.454469237332432,
0.18,0.013000000000000001,34.34100203587781,44.21312517806916,35.115669123725375,
0.18,0.014210526315789472,35.127427494386765,45.29640484441222,35.87274272935461,
0.18,0.022000000000000002,38.915429865414744,50.910864958708856,39.581232117866975,
0.18,0.023421052631578947,39.38904247478055,49.0782676230193,40.27044351513422,
0.18,0.031000000000000003,41.76353499537048,50.981440474590656,42.689696635313155,
0.18,0.032631578947368414,42.31337390613801,52.0801641571733,43.21579149894685,
0.18,0.04,44.02314700592978,53.07590923699439,45.01484960112214,
0.18,0.04184210526315789,44.45359942931763,54.921889919955916,45.31807396784677,
0.18,0.05105263157894736,46.20448799375421,57.14919221973071,47.01860286851925,
0.18,0.06026315789473683,47.7030571078705,58.60264358853786,48.506298827649765,
0.18,0.06947368421052631,48.55893151736236,57.99307447769495,49.495271795238985,
0.18,0.07868421052631579,49.8310485150492,59.23699510440332,50.80577446026893,
0.18,0.08789473684210526,50.72100163618462,59.73427798665702,51.74372834680277,
0.18,0.09710526315789474,51.68957968431066,62.011962487448955,52.53110746423025,
0.18,0.10631578947368421,52.61331431776674,64.6482449330264,53.381152656869105,
0.18,0.11552631578947367,53.25894103226573,65.71311551237766,54.01459558620206,
0.18,0.12473684210526315,53.84358508581486,65.52218671378701,54.60806462791963,
0.18,0.13394736842105262,54.127880377490776,64.6752031953539,55.01241051582271,
0.18,0.1431578947368421,54.94837080555378,65.90110468574532,55.76809144301227,
0.18,0.15236842105263157,55.44026489811102,66.2982565481951,56.24515546964557,
0.18,0.16157894736842104,55.665411304658306,67.84566215553195,56.825511718015065,
0.18,0.17078947368421052,54.97030093714603,63.35055219266307,57.07353956978732,
0.18,0.17099999999999999,54.98099839806699,63.324799446962786,57.15540212039372,
0.18,0.18,53.06725498586691,58.145932792134886,57.6684964671265,
0.18,0.198,29.30906747582562,31.91056931579911,49.363178939256,
0.2,0.004,21.7734632246717,31.21641265822865,23.616849789547366,
0.2,0.005,24.17230912858683,32.763957584873324,25.558138757598496,
0.2,0.013000000000000001,33.24554848022424,43.95034713949042,34.39773105618044,
0.2,0.015263157894736843,34.697503760125265,45.54224590141982,35.76820197640057,
0.2,0.022000000000000002,37.946044017694035,48.14497055840219,39.00851113231187,
0.2,0.025526315789473685,39.11763839346647,48.48367014705832,40.28281757605743,
0.2,0.031000000000000003,40.8186400724074,49.35150584039329,42.03736705053725,
0.2,0.035789473684210524,42.19744717222221,51.32117043279878,43.400685680204454,
0.2,0.04,43.10779025668806,52.01525231305992,44.34356798909347,
0.2,0.046052631578947366,44.304890321494526,53.661027492537386,45.45244022448681,
0.2,0.05631578947368421,46.152751485589775,56.017012794406256,47.25209171276813,
0.2,0.06657894736842106,47.743354806600124,57.63156977622293,48.8073129649544,
0.2,0.0768421052631579,48.78206083706352,57.57002188170617,49.95332341228998,
0.2,0.08710526315789474,49.89447101667867,58.62788490088218,51.07749688743852,
0.2,0.09736842105263158,50.74275650778179,59.565839603501445,51.97735416032838,
0.2,0.10763157894736843,51.34686746712568,61.25833481559694,52.46393621283677,
0.2,0.11789473684210527,52.544908975637725,63.27101602165142,53.508241348712325,
0.2,0.1281578947368421,53.1416798520722,66.0435025423173,53.97081902124359,
0.2,0.13842105263157894,53.99532820308852,67.66076025810398,54.71370226982248,
0.2,0.1486842105263158,54.570353081202555,68.85298996062647,55.26858890620599,
0.2,0.15894736842105264,54.04183690356759,64.26493748541641,55.8054056555682,
0.2,0.16921052631578948,52.91042657097336,58.91635846876355,56.58517119608398,
0.2,0.1794736842105263,50.74873951782018,54.722716673608005,56.86974792803536,
0.2,0.18973684210526315,47.97355903584158,50.95414941138861,57.45379268160867,
0.2,0.19,47.66635417039319,50.454687072405136,57.41707271622999,
0.2,0.2,45.596029695543685,48.09263286792046,57.755683560549244,
0.2,0.22000000000000003,29.70422099581036,32.93909778712606,49.20081781822793,
