FS, Input, SNDR, SFDR, SNR, CIC_Bias
0.02,0.004,13.871016633209914,15.948227366285586,26.426025928563494,0.8042968750000001
0.02,0.005,12.1417628860942,13.267790657007119,27.969348927912012,0.8042968750000001
0.02,0.005789473684210527,11.254520435638204,12.092766923152048,28.88625621663187,0.8042968750000001
0.02,0.006578947368421052,10.49541628455409,11.077139392267632,29.900667220444276,0.8042968750000001
0.02,0.007368421052631579,9.907974459343196,11.180026575854065,18.27943703042167,0.8042968750000001
0.02,0.008157894736842105,11.734509128864854,16.872531036797938,21.02198565400378,0.8042968750000001
0.02,0.008947368421052631,14.044725905771907,18.434772893498298,22.843805500673227,0.8042968750000001
0.02,0.009736842105263158,15.924333996456049,20.967122660884016,24.3962816435692,0.8042968750000001
0.02,0.010526315789473684,17.606866847666577,23.220585433449273,25.53023681488886,0.8042968750000001
0.02,0.01131578947368421,19.1709071755858,25.420686790555976,26.972879970083028,0.8042968750000001
0.02,0.012105263157894737,20.627605782065025,27.07903924486689,27.677592471585143,0.8042968750000001
0.02,0.012894736842105264,22.045208258608675,29.080186914829063,28.678532885908172,0.8042968750000001
0.02,0.013000000000000001,22.20453169746763,29.23914121207749,28.803761898420053,0.8042968750000001
0.02,0.013684210526315788,23.33538904906475,30.276201066199356,29.611988632456708,0.8042968750000001
0.02,0.014473684210526316,24.521026138071214,32.47154468073885,30.366674876235038,0.8042968750000001
0.02,0.015263157894736843,25.524839818099565,32.41089967731863,30.880326060173566,0.8042968750000001
0.02,0.016052631578947367,26.691838895670593,33.72275643298802,31.835047236779253,0.8042968750000001
0.02,0.016842105263157894,27.641586403563252,34.27842866354745,32.529261135880425,0.8042968750000001
0.02,0.017631578947368422,28.626707366484045,35.1491198865089,33.313149992873804,0.8042968750000001
0.02,0.018421052631578946,29.55618454690512,35.639945135826025,34.15795202759958,0.8042968750000001
0.02,0.019,30.20478962653933,36.31967314728448,34.81082331780656,0.8042968750000001
0.02,0.019210526315789473,30.401674167436553,36.3208004330584,35.045497180540266,0.8042968750000001
0.02,0.02,31.072266738248054,36.338448799949084,35.92801442325608,0.8042968750000001
0.02,0.022000000000000002,31.794318974631533,37.094708718644654,37.849726064961395,0.8042968750000001
0.02,0.022000000000000002,31.794318974631533,37.094708718644654,37.849726064961395,0.8042968750000001
0.02,0.031000000000000003,17.86388549788121,18.685896799902565,41.08701602191278,0.8042968750000001
0.02,0.04,13.816759141219787,14.080655211765801,39.445660403986494,0.8042968750000001
0.03,0.004,11.722994203252739,12.51425155697747,30.222998474949296,0.7865234374999999
0.03,0.005,10.573840721305627,11.103370811506473,31.879471171147813,0.7865234374999999
0.03,0.00631578947368421,9.385720909109876,9.674492242953441,30.51533649824193,0.7865234374999999
0.03,0.0076315789473684215,8.933012765698034,14.717758085494914,16.152975665557296,0.7865234374999999
0.03,0.008947368421052631,12.801357806590268,17.30805325759954,21.609572162629085,0.7865234374999999
0.03,0.010263157894736842,15.98852105087915,21.335450589396515,24.349770603111708,0.7865234374999999
0.03,0.011578947368421053,18.65907066679163,24.67560222359232,26.856477379982483,0.7865234374999999
0.03,0.012894736842105264,21.087496037573608,28.038851757668365,28.266210233928852,0.7865234374999999
0.03,0.013000000000000001,21.232249595759054,28.230292995127485,28.342378437527564,0.7865234374999999
0.03,0.014210526315789472,22.891674526617475,29.211163945773947,29.364682674941246,0.7865234374999999
0.03,0.015526315789473683,25.04614281538061,32.43645305350698,30.67560809234582,0.7865234374999999
0.03,0.016842105263157894,27.113415034305564,35.32681688589767,31.897450331347414,0.7865234374999999
0.03,0.018157894736842106,28.971340649609868,36.30378885445625,33.14077249047262,0.7865234374999999
0.03,0.019473684210526317,30.596255877044726,38.90590329259256,34.35890073734731,0.7865234374999999
0.03,0.020789473684210528,32.19228148292415,40.07623111013202,35.69842882110159,0.7865234374999999
0.03,0.022000000000000002,33.604390909550176,40.84585409652853,36.95241756161299,0.7865234374999999
0.03,0.02210526315789474,-6.352921627512624,40.84631550844646,-6.352917209676535,0.7865234374999999
0.03,0.023421052631578947,34.82036265349055,40.87069487321014,38.32538760099116,0.7865234374999999
0.03,0.024736842105263158,36.00550153328229,41.99436938494655,39.60484266382628,0.7865234374999999
0.03,0.02605263157894737,37.13127334590397,42.85500753171282,41.00388917666636,0.7865234374999999
0.03,0.02736842105263158,37.87502385158024,42.900919261962486,42.08594716226479,0.7865234374999999
0.03,0.028499999999999998,38.65733321031729,43.49113166466404,43.19719108416286,0.7865234374999999
0.03,0.02868421052631579,38.71560083695829,43.665687542415995,43.246094708245124,0.7865234374999999
0.03,0.03,39.15523474632427,43.3753875666845,44.27038991534453,0.7865234374999999
0.03,0.031000000000000003,39.305941525137214,42.98974852981534,44.94159527626657,0.7865234374999999
0.03,0.033,35.7302691465923,41.25495381820721,45.551473593039596,0.7865234374999999
0.03,0.04,21.39510544953832,22.72010963805505,44.32304858138215,0.7865234374999999
0.04,0.004,-6.791172015080479,11.14081418038488,-6.776117379538778,0.7728515624999999
0.04,0.005,9.959302040080598,10.390088481717967,32.364622025842195,0.7728515624999999
0.04,0.006842105263157895,9.084481155096682,9.394984037602754,34.564299034259776,0.7728515624999999
0.04,0.00868421052631579,-6.709514834628579,15.945963961403415,-6.707851099633579,0.7728515624999999
0.04,0.010526315789473686,15.861987117490004,21.255346103637095,24.143024249694363,0.7728515624999999
0.04,0.01236842105263158,-6.421635171475621,26.96490516722067,-6.421279287293524,0.7728515624999999
0.04,0.013000000000000001,20.72619467492066,28.43968365556213,27.627784978151343,0.7728515624999999
0.04,0.014210526315789476,22.728259151664034,31.077826814952672,28.88863865534516,0.7728515624999999
0.04,0.01605263157894737,25.722197246969465,35.303216938571,30.83385404149169,0.7728515624999999
0.04,0.017894736842105265,28.51771006810717,39.079170205801546,32.459467716361885,0.7728515624999999
0.04,0.01973684210526316,30.643846655900866,39.713374064256435,33.982105325058235,0.7728515624999999
0.04,0.021578947368421055,33.35984482737088,43.4079969893227,35.84288453349607,0.7728515624999999
0.04,0.022000000000000002,33.96880163869563,44.171374447845054,36.364229136783926,0.7728515624999999
0.04,0.02342105263157895,35.602893239238526,46.01013557586759,37.74364263817465,0.7728515624999999
0.04,0.025263157894736845,37.75492800282152,46.96783041570906,39.9095375448457,0.7728515624999999
0.04,0.02710526315789474,39.49927764836727,48.0283987740261,41.66680304725405,0.7728515624999999
0.04,0.028947368421052635,41.015616100273846,48.523851003127874,43.32641913753552,0.7728515624999999
0.04,0.03078947368421053,42.13589280899186,48.43455457916258,44.800588002413846,0.7728515624999999
0.04,0.031000000000000003,42.39351415041468,48.77857945894111,45.029564775292684,0.7728515624999999
0.04,0.03263157894736842,43.41972176579244,49.60608920234581,46.25293354637276,0.7728515624999999
0.04,0.034473684210526316,44.36699611565926,50.47558973725292,47.45475226499924,0.7728515624999999
0.04,0.03631578947368421,44.93848079288245,50.34817358799899,48.36044804641901,0.7728515624999999
0.04,0.038,45.546373270534495,50.877670546875066,49.13204399938061,0.7728515624999999
0.04,0.038157894736842106,45.66984494708734,51.0644201619307,49.28614538308026,0.7728515624999999
0.04,0.04,45.621447247487225,50.09492509057998,49.765464983439365,0.7728515624999999
0.04,0.04,45.621447247487225,50.09492509057998,49.765464983439365,0.7728515624999999
0.04,0.044000000000000004,35.066710955552566,40.611346804117524,49.014142870438505,0.7728515624999999
0.05,0.004,10.595068711888931,11.122288180321547,32.10492663866145,0.7605468750000002
0.05,0.005,9.858525781787916,10.259100341099057,33.34747667917364,0.7605468750000002
0.05,0.00736842105263158,8.615179314979807,9.68716977281769,17.007617436822542,0.7605468750000002
0.05,0.009736842105263158,13.781230150107746,18.652208106652004,22.627749811473517,0.7605468750000002
0.05,0.012105263157894737,18.67243506733956,26.23504413267732,26.359145617047947,0.7605468750000002
0.05,0.013000000000000001,20.220861972045924,28.03366382804763,27.059916187315874,0.7605468750000002
0.05,0.014473684210526316,22.805608316544852,31.497181677825967,28.592248118240864,0.7605468750000002
0.05,0.016842105263157894,26.564813140840787,36.6543356117967,30.946936579268296,0.7605468750000002
0.05,0.019210526315789477,30.133496057920976,41.325871352372246,33.154770410228046,0.7605468750000002
0.05,0.021578947368421055,33.33843873734407,45.6852885287785,35.47991769326692,0.7605468750000002
0.05,0.022000000000000002,33.90682433138254,46.308811212336586,35.94914215500454,0.7605468750000002
0.05,0.023947368421052634,36.34971181650614,49.57716568458967,37.97230523595794,0.7605468750000002
0.05,0.026315789473684213,39.16576910502635,53.23171845959193,40.358852167012515,0.7605468750000002
0.05,0.02868421052631579,41.68969733264059,56.20260680112767,42.64342474293558,0.7605468750000002
0.05,0.031000000000000003,44.19611477397503,60.26253442735804,44.98460911970472,0.7605468750000002
0.05,0.03105263157894737,44.15174187023184,60.11677566930657,44.94449201691659,0.7605468750000002
0.05,0.03342105263157895,46.27530397134976,60.79918806407514,46.974692471900916,0.7605468750000002
0.05,0.03578947368421053,47.82037035375396,62.10149682003729,48.43973656646067,0.7605468750000002
0.05,0.038157894736842106,48.9407886497216,60.062071345688615,49.78381109132207,0.7605468750000002
0.05,0.04,50.09176733950527,62.95907969816611,50.72414570236275,0.7605468750000002
0.05,0.04052631578947368,50.2314433643883,63.40428663566444,50.8565343517273,0.7605468750000002
0.05,0.04289473684210526,50.9944913052237,63.75035766905852,51.63381927055977,0.7605468750000002
0.05,0.045263157894736845,51.625435570081066,64.6737206369922,52.24404858275384,0.7605468750000002
0.05,0.0475,52.34282279809007,65.65920798726991,52.982622341348886,0.7605468750000002
0.05,0.04763157894736842,52.190253132546474,65.68607911025077,52.795559731538575,0.7605468750000002
0.05,0.05,51.78091419286045,60.056293662801565,53.22872130898499,0.7605468750000002
0.05,0.05500000000000001,32.68316903410175,36.99904608801407,49.91744770466557,0.7605468750000002
0.06,0.004,10.458564760953546,10.952079185963644,32.116334886291995,0.7455078124999999
0.06,0.005,9.736434540308906,10.126949282495374,33.7911283563533,0.7455078124999999
0.06,0.007894736842105263,8.526557039035467,13.042787631693663,17.301043226859516,0.7455078124999999
0.06,0.010789473684210526,15.60781328808572,21.85718888058692,23.76236556518995,0.7455078124999999
0.06,0.013000000000000001,19.879985142617993,27.826108648727438,26.67161491970173,0.7455078124999999
0.06,0.013684210526315792,21.018878299776972,29.365203376447646,27.30069597891614,0.7455078124999999
0.06,0.016578947368421054,25.806473528210503,35.28197434309856,30.275733264720728,0.7455078124999999
0.06,0.019473684210526317,29.956051565879317,40.34492882252358,32.84645799134821,0.7455078124999999
0.06,0.022000000000000002,33.39252573902206,44.84667662088558,35.45487455813566,0.7455078124999999
0.06,0.022368421052631583,33.83445882962575,45.31591729380837,35.80912224704235,0.7455078124999999
0.06,0.025263157894736845,37.4082902666079,49.981037015147464,38.85712670706986,0.7455078124999999
0.06,0.028157894736842107,40.58348743356923,54.27190710208213,41.74522974828435,0.7455078124999999
0.06,0.031000000000000003,43.455284929550366,57.11683090595715,44.33616836618811,0.7455078124999999
0.06,0.03105263157894737,43.4037585124145,57.19459217975212,44.28432848733121,0.7455078124999999
0.06,0.03394736842105263,46.091115241791854,61.35018727391471,46.768776400097806,0.7455078124999999
0.06,0.03684210526315789,48.268147832030195,64.47526655032283,48.91173991242742,0.7455078124999999
0.06,0.03973684210526316,50.03498361610784,64.12985901773023,50.62461640961723,0.7455078124999999
0.06,0.04,50.122510111412964,64.26331826552271,50.70002518945111,0.7455078124999999
0.06,0.04263157894736842,51.312121060684234,63.80068309129506,51.884209613871434,0.7455078124999999
0.06,0.045526315789473686,52.11805871121644,64.25461772731028,52.67282579663515,0.7455078124999999
0.06,0.04842105263157895,52.96688718273916,64.4005999732547,53.51914801132601,0.7455078124999999
0.06,0.05131578947368421,53.6244834769515,64.04079867495516,54.26451880150144,0.7455078124999999
0.06,0.05421052631578947,54.05834176097575,64.34462362889552,54.67679120000942,0.7455078124999999
0.06,0.056999999999999995,54.498252139001124,66.26024785622408,55.14895626075399,0.7455078124999999
0.06,0.057105263157894735,54.474371885869495,66.65499617834402,55.138491119123444,0.7455078124999999
0.06,0.06,54.54145127686875,64.50326508624617,55.469497387636366,0.7455078124999999
0.06,0.066,30.413664447161615,33.43469122375397,49.16900097941863,0.7455078124999999
0.08,0.004,10.170581069486786,10.61224211907917,31.62804728720788,0.6990234375
0.08,0.005,9.528258229142438,9.896908394347506,33.43489069383823,0.6990234375
0.08,0.008947368421052631,11.205144622459677,15.580553522006191,20.152979629382322,0.6990234375
0.08,0.012894736842105264,19.38176516850918,27.278712557656913,26.33006866366522,0.6990234375
0.08,0.013000000000000001,19.59261938494847,27.504657405505974,26.43776958754969,0.6990234375
0.08,0.016842105263157894,25.77005436084083,34.75855958127629,30.18391129281223,0.6990234375
0.08,0.020789473684210528,31.279869392424047,41.97100053381949,33.74607502202929,0.6990234375
0.08,0.022000000000000002,32.8449444572115,43.922670542865966,34.98040542167195,0.6990234375
0.08,0.024736842105263158,36.28846831563278,48.65337690380747,37.917202131535824,0.6990234375
0.08,0.02868421052631579,40.46855041230083,53.838279792252926,41.838733585434014,0.6990234375
0.08,0.031000000000000003,42.62899889903218,54.6181493982064,43.924883124757415,0.6990234375
0.08,0.03263157894736842,43.96397643232527,55.107540314712494,45.24635378503941,0.6990234375
0.08,0.03657894736842105,46.73005777160637,55.35028126194202,48.178062990929924,0.6990234375
0.08,0.04,48.067758763114476,58.60607575472085,49.83892174873095,0.6990234375
0.08,0.04052631578947368,48.64201076177189,57.98659682214685,50.08736658519722,0.6990234375
0.08,0.04447368421052631,50.39155461091184,60.50428675438606,51.78547507567502,0.6990234375
0.08,0.04842105263157895,51.64855491707957,61.47160457880877,53.064728621201965,0.6990234375
0.08,0.05236842105263158,52.47460308865472,61.445349226182884,53.884290368397345,0.6990234375
0.08,0.05631578947368421,53.17280727418799,61.41522471899485,54.57663021564258,0.6990234375
0.08,0.060263157894736845,53.63230547483017,60.98932556515249,55.12512681420272,0.6990234375
0.08,0.06421052631578948,54.25610432534565,62.09419018678811,55.64013077655238,0.6990234375
0.08,0.06815789473684211,54.615788244847266,61.925113390713534,56.052417375529934,0.6990234375
0.08,0.07210526315789474,54.912652853367796,62.09688059882272,56.35045581357196,0.6990234375
0.08,0.076,55.29081791852253,63.24107890700325,56.61352648229241,0.6990234375
0.08,0.07605263157894737,55.21188905905639,62.80193563234354,56.63458751214526,0.6990234375
0.08,0.08,55.68843803930246,64.47980696469418,56.974057509696614,0.6990234375
0.08,0.08800000000000001,30.35659364523777,33.20161358515071,49.367459600106145,0.6990234375
0.1,0.004,9.926615002147093,10.35245695412469,31.482616112440983,0.6552734375
0.1,0.005,9.36627057200042,9.712718444215497,32.973332609578996,0.6552734375
0.1,0.01,13.569428961520732,18.854027388179674,22.301281305405183,0.6552734375
0.1,0.013000000000000001,19.338481031485713,27.12594686851696,26.256500761857758,0.6552734375
0.1,0.015,22.71555673871909,31.087344199667058,28.36050305821815,0.6552734375
0.1,0.02,29.932502591746438,39.996730792967796,32.742781872602926,0.6552734375
0.1,0.022000000000000002,32.45567902599483,43.19734457488981,34.699657471004286,0.6552734375
0.1,0.025,36.10873758929907,48.162885075878265,37.81934807456145,0.6552734375
0.1,0.030000000000000002,41.29631671814564,54.91479933235736,42.667548781567824,0.6552734375
0.1,0.031000000000000003,42.13644139568244,55.17227311805309,43.483072598675676,0.6552734375
0.1,0.034999999999999996,45.213697754742874,55.199525633504436,46.63246214902658,0.6552734375
0.1,0.04,48.06051447162291,55.971753133318,49.71780211574667,0.6552734375
0.1,0.04,48.06051447162291,55.971753133318,49.71780211574667,0.6552734375
0.1,0.045,49.71088888426159,56.2250117450167,51.70181748995435,0.6552734375
0.1,0.049999999999999996,50.79812786070572,58.88669995521751,52.70341053832877,0.6552734375
0.1,0.055,52.40539100100619,61.034766970512536,53.99874851530271,0.6552734375
0.1,0.06,53.328695508783646,62.860387675623834,54.92815425335331,0.6552734375
0.1,0.065,54.019519196467066,62.79837700349342,55.50562218907609,0.6552734375
0.1,0.07,54.5140327625336,62.02256078287539,56.059044965123675,0.6552734375
0.1,0.07500000000000001,54.81225717546833,62.6273698045586,56.337884173316084,0.6552734375
0.1,0.08,55.54578861733675,63.095297483812594,57.04430422569799,0.6552734375
0.1,0.085,55.954618530664845,63.30254539192738,57.42332967291148,0.6552734375
0.1,0.09000000000000001,56.323574228301325,63.321647713731444,57.84184350332818,0.6552734375
0.1,0.095,56.61343848300263,64.93933422060911,58.03678072226228,0.6552734375
0.1,0.095,56.61343848300263,64.93933422060911,58.03678072226228,0.6552734375
0.1,0.1,56.96406643241523,65.18019908543833,58.30921899843418,0.6552734375
0.1,0.11000000000000001,29.176249238836093,31.705807054369338,49.24100908069696,0.6552734375
0.12,0.004,9.767248119784197,10.176803736353165,30.822794424687988,0.61015625
0.12,0.005,9.174625250430784,9.509938360522796,32.42916813529632,0.61015625
0.12,0.011052631578947368,15.629389860763878,22.4573681258046,23.796785174329145,0.61015625
0.12,0.013000000000000001,19.310753461503317,27.01341509704988,26.20875098658197,0.61015625
0.12,0.017105263157894735,25.74325308986524,34.68601040465944,30.11681085321108,0.61015625
0.12,0.022000000000000002,32.258618111712764,42.953687934739186,34.514581709380266,0.61015625
0.12,0.023157894736842103,33.6105445280858,44.59378882669414,35.63817790892052,0.61015625
0.12,0.02921052631578947,39.9660685650315,52.21609381095976,41.48064824805012,0.61015625
0.12,0.031000000000000003,41.66417625907908,53.36192355256508,43.10904166330238,0.61015625
0.12,0.03526315789473684,44.93407985111644,55.49117386718049,46.408922062107365,0.61015625
0.12,0.04,47.44915198594153,55.890728188537864,49.10832259777134,0.61015625
0.12,0.0413157894736842,48.00561662745985,55.79091250615142,49.785501104021904,0.61015625
0.12,0.047368421052631574,49.93065077359284,56.63773924156941,51.92044225339291,0.61015625
0.12,0.05342105263157894,51.248334423057244,57.47134585435531,53.41300925218023,0.61015625
0.12,0.059473684210526304,52.227077983412116,57.94578087695835,54.498199103597365,0.61015625
0.12,0.06552631578947368,53.359638526275745,61.631943023907255,55.048395487929085,0.61015625
0.12,0.07157894736842105,54.245403589163615,64.16630581393906,55.867500374331655,0.61015625
0.12,0.07763157894736841,54.89326511098177,63.9417821122976,56.37380395601545,0.61015625
0.12,0.08368421052631578,55.441040752227394,63.95276102558428,56.84792533297469,0.61015625
0.12,0.08973684210526316,55.751517472550546,63.23410068107295,57.278638392825904,0.61015625
0.12,0.09578947368421052,56.31998677443433,64.51463511994255,57.72561169733549,0.61015625
0.12,0.10184210526315789,56.64895805820883,64.2245252927651,58.105947837308214,0.61015625
0.12,0.10789473684210525,56.86017941955612,63.87215351566092,58.410901400733756,0.61015625
0.12,0.11394736842105262,57.09563273041003,64.40663408826845,58.66211965842713,0.61015625
0.12,0.11399999999999999,57.131556171748095,64.47242962561397,58.6864654943941,0.61015625
0.12,0.12,57.56827586888849,67.22591432344498,58.87931009208768,0.61015625
0.12,0.132,29.33532552893224,31.87238407894084,49.3549274921758,0.61015625
0.14,0.004,9.59387782774264,9.992895439284517,30.395496469503303,0.56640625
0.14,0.005,9.092006152252537,9.421933036660253,31.860398728851862,0.56640625
0.14,0.012105263157894737,17.479579697302363,25.041810871821177,25.304407012781382,0.56640625
0.14,0.013000000000000001,19.10234764074453,26.686981109033734,26.108978518136187,0.56640625
0.14,0.019210526315789473,28.491282533224428,38.22203405364115,31.701050830086718,0.56640625
0.14,0.022000000000000002,32.04019941103313,42.77362659758101,34.34220014626723,0.56640625
0.14,0.026315789473684213,36.84767702433533,48.82716363755537,38.5460137829199,0.56640625
0.14,0.031000000000000003,41.166095864942676,51.92264327282736,42.74003431132031,0.56640625
0.14,0.03342105263157895,42.946313670536156,52.371195412176895,44.5686335886625,0.56640625
0.14,0.04,46.90548262339766,56.07071618115477,48.632011983848074,0.56640625
0.14,0.04052631578947368,47.141429210920045,56.23162232116249,48.85954389124108,0.56640625
0.14,0.04763157894736842,49.57963411854293,56.96898140003112,51.55496687599377,0.56640625
0.14,0.05473684210526315,51.01953645205788,57.45368020748123,53.18732766067513,0.56640625
0.14,0.06184210526315789,52.15339175390872,58.18978915231856,54.45201394767131,0.56640625
0.14,0.06894736842105263,52.801149299980814,58.09006303549757,55.24744927707885,0.56640625
0.14,0.07605263157894737,53.97758801127495,61.557186453362064,55.78045767818856,0.56640625
0.14,0.08315789473684211,54.85193686228137,64.82979020491294,56.47798155517706,0.56640625
0.14,0.09026315789473685,55.529997593016176,65.78230694908231,56.98030365915439,0.56640625
0.14,0.09736842105263159,55.80900370814925,64.54769030721644,57.22037464503554,0.56640625
0.14,0.10447368421052632,56.12253998570611,63.329282219639296,57.78451774641844,0.56640625
0.14,0.11157894736842106,56.65756143629956,64.8131008750845,58.144820556254345,0.56640625
0.14,0.1186842105263158,56.860968769979905,64.03036183624054,58.51818450501366,0.56640625
0.14,0.12578947368421053,56.94207950415462,63.26643434118258,58.79412041240585,0.56640625
0.14,0.13289473684210526,57.1358553762541,63.443619272287485,59.03874063842599,0.56640625
0.14,0.133,57.14979805931932,63.521131189338895,59.066406723953136,0.56640625
0.14,0.14,57.56231956515162,66.53011996859253,59.216859498552246,0.56640625
0.14,0.15400000000000003,29.149583506013748,31.62021193659919,49.4267667410388,0.56640625
0.16,0.004,9.55686028523436,9.946698494035289,30.115035898611545,0.52265625
0.16,0.005,9.029503810318989,9.360935344835191,31.441142692630827,0.52265625
0.16,0.013000000000000001,19.00715975321645,26.532839361248858,26.03246744529362,0.52265625
0.16,0.013157894736842105,19.318693192378593,26.883546943291165,26.18699395940052,0.52265625
0.16,0.02131578947368421,30.979339817229953,41.31691517239946,33.483813220982256,0.52265625
0.16,0.022000000000000002,31.86164024537164,42.63261515764796,34.15135382674081,0.52265625
0.16,0.029473684210526315,39.61080401665342,51.54779984630262,41.191911780433614,0.52265625
0.16,0.031000000000000003,40.85510606248535,51.292830924864916,42.459001607842815,0.52265625
0.16,0.03763157894736842,45.13547199252696,52.65118522148043,47.093451890506664,0.52265625
0.16,0.04,46.24152936472507,54.358808039271,48.19915347108938,0.52265625
0.16,0.045789473684210526,48.467028477157484,56.99514014219254,50.531480945112925,0.52265625
0.16,0.053947368421052626,50.363925719560086,57.401396034937726,52.55292752611277,0.52265625
0.16,0.06210526315789473,51.52155218837464,57.57406297287678,53.87155232917992,0.52265625
0.16,0.07026315789473685,52.58904249278718,58.48553394915673,55.043569481871664,0.52265625
0.16,0.07842105263157895,53.19037501689118,58.36289267455626,55.835707697393374,0.52265625
0.16,0.08657894736842106,54.27720065649167,61.13329429390531,56.16131769882826,0.52265625
0.16,0.09473684210526316,55.07483071017827,64.44299539636418,56.86498338862859,0.52265625
0.16,0.10289473684210526,55.68698238091906,65.36339105156837,57.28504379571415,0.52265625
0.16,0.11105263157894738,56.04638471041666,65.04874358733667,57.58631333831511,0.52265625
0.16,0.11921052631578948,-6.354563644492366,63.270848794703724,-6.354560829214753,0.52265625
0.16,0.12736842105263158,56.6038631298008,64.40591301994371,58.32365126680749,0.52265625
0.16,0.1355263157894737,56.67958297286468,63.32737365566753,58.637490474705594,0.52265625
0.16,0.1436842105263158,56.749490036321795,62.622234701536996,58.94439255515966,0.52265625
0.16,0.1518421052631579,56.90158646987231,62.60632717319551,59.23635976571755,0.52265625
0.16,0.152,56.94346881114796,62.741546166491474,59.251771939643696,0.52265625
0.16,0.16,57.413973443343444,65.75469251530185,59.3727436552934,0.52265625
0.16,0.17600000000000002,29.108038211475623,31.580852265317276,49.426870218189585,0.52265625
0.18,0.004,9.472162323281902,9.859745400673777,29.492565126803335,0.47890625000000003
0.18,0.005,8.967825075054034,9.282265537384099,31.05841426853218,0.47890625000000003
0.18,0.013000000000000001,18.95163972225568,26.463484631011106,25.915813673579976,0.47890625000000003
0.18,0.014210526315789472,20.90205091125148,28.697305002951616,27.12446652222653,0.47890625000000003
0.18,0.022000000000000002,31.71454513173423,42.46579887312002,34.03283605998703,0.47890625000000003
0.18,0.023421052631578947,33.28203995850805,44.39969866792832,35.36023524127364,0.47890625000000003
0.18,0.031000000000000003,40.570396693177706,51.125545996414736,42.23247764095663,0.47890625000000003
0.18,0.032631578947368414,41.680930730747065,51.539556419719496,43.37443569205742,0.47890625000000003
0.18,0.04,45.61040132910854,52.34294282950584,47.84807715848586,0.47890625000000003
0.18,0.04184210526315789,46.28557702828804,52.80997065020932,48.627034813357966,0.47890625000000003
0.18,0.05105263157894736,49.1175858264656,57.12560173825954,51.418334145833626,0.47890625000000003
0.18,0.06026315789473683,50.69652142855482,57.505466220544406,53.05710892147286,0.47890625000000003
0.18,0.06947368421052631,51.75240767900297,57.65782148968402,54.25592809339847,0.47890625000000003
0.18,0.07868421052631579,52.716026776355434,58.614595886346486,55.32508867198628,0.47890625000000003
0.18,0.08789473684210526,53.23422228503519,58.38522752983023,56.01660809846827,0.47890625000000003
0.18,0.09710526315789474,54.127291866481606,60.35493215611566,56.27897024323184,0.47890625000000003
0.18,0.10631578947368421,54.98736518409369,63.53957207729283,57.0237450473811,0.47890625000000003
0.18,0.11552631578947367,-6.357572206204002,64.29156026672865,-6.357568401410873,0.47890625000000003
0.18,0.12473684210526315,55.84985790140145,64.73556724143053,57.635684277590045,0.47890625000000003
0.18,0.13394736842105262,55.87124580286339,62.58332707448595,58.02030540165188,0.47890625000000003
0.18,0.1431578947368421,56.27785085400369,63.59371230022484,58.29203013795628,0.47890625000000003
0.18,0.15236842105263157,56.50788140055717,62.81540195088499,58.76547859741866,0.47890625000000003
0.18,0.16157894736842104,56.744297425762454,62.85772849018245,59.08367556627233,0.47890625000000003
0.18,0.17078947368421052,57.31939796501777,65.73481974148851,59.37640787247397,0.47890625000000003
0.18,0.17099999999999999,57.32716857101973,65.9282256293323,59.35333700563126,0.47890625000000003
0.18,0.18,57.21366801209995,62.462887279762306,59.5442192244266,0.47890625000000003
0.18,0.198,28.936469866397665,31.54907923829211,49.312507015137015,0.47890625000000003
0.2,0.004,9.433974607491336,9.819366979343158,29.12658046228684,0.43378906249999993
0.2,0.005,8.924701434434848,9.244676121204598,30.599549617806815,0.43378906249999993
0.2,0.013000000000000001,18.836239156608894,26.17002870393314,25.853851858347255,0.43378906249999993
0.2,0.015263157894736843,22.491221515075562,30.540090053085358,28.155270590932588,0.43378906249999993
0.2,0.022000000000000002,31.438197800300784,41.85177247066958,33.866383618720405,0.43378906249999993
0.2,0.025526315789473685,35.31665181452827,47.39522032506107,37.18393972859473,0.43378906249999993
0.2,0.031000000000000003,40.19980894159119,51.157320565448984,41.923013757062996,0.43378906249999993
0.2,0.035789473684210524,43.16527314120346,51.244839101319236,45.18477020716084,0.43378906249999993
0.2,0.04,45.038839104457196,51.550076689275485,47.44531516176063,0.43378906249999993
0.2,0.046052631578947366,46.86707334435175,52.53668256346593,49.694468671689826,0.43378906249999993
0.2,0.05631578947368421,49.33114989636687,57.062653451329496,51.89822769355506,0.43378906249999993
0.2,0.06657894736842106,50.7626405069254,57.38936210859595,53.395223972599496,0.43378906249999993
0.2,0.0768421052631579,51.63836002476216,57.28014112368621,54.43507380429558,0.43378906249999993
0.2,0.08710526315789474,52.58964262652238,58.29644652785401,55.44332862900703,0.43378906249999993
0.2,0.09736842105263158,53.051243248442034,57.88437548825996,56.205690892483275,0.43378906249999993
0.2,0.10763157894736843,53.773701541081174,59.19625415411744,56.296395702908555,0.43378906249999993
0.2,0.11789473684210527,54.64055281264471,62.43689470958974,56.9964770717352,0.43378906249999993
0.2,0.1281578947368421,55.238733229338514,63.51023652425758,57.379969983404955,0.43378906249999993
0.2,0.13842105263157894,55.597975989209445,63.87764639782685,57.689179385503415,0.43378906249999993
0.2,0.1486842105263158,55.65009000926515,61.88156941870719,58.083526371959245,0.43378906249999993
0.2,0.15894736842105264,56.28306220316383,63.37800812425492,58.52832578643914,0.43378906249999993
0.2,0.16921052631578948,56.90452385080998,65.16888081517793,58.92875155954616,0.43378906249999993
0.2,0.1794736842105263,57.53849395267516,65.11145684423765,59.275468889484195,0.43378906249999993
0.2,0.18973684210526315,56.049872979806786,61.74710557391417,59.53761219167368,0.43378906249999993
0.2,0.19,55.74933255082571,61.53704698636393,59.44437952949536,0.43378906249999993
0.2,0.2,51.67600655000689,53.75015570248455,59.6736464413117,0.43378906249999993
0.2,0.22000000000000003,28.70337478553907,31.652696700427477,49.20642214669155,0.43378906249999993
FS, Input, SNDR, SFDR, SNR, CIC_Bias
FS, Input, SNDR, SFDR, SNR, CIC_Bias
0.1055,0.004,26.66280476781498,42.47965541654462,27.234851573469353,0.645
0.1055,0.005,28.502884389363903,41.08628776001842,29.14055843576843,0.645
0.1055,0.010289473684210525,34.590857204140676,45.19613024246789,35.244601946310176,0.645
0.1055,0.013000000000000001,36.37832205008258,48.73017223949553,37.03287627453041,0.645
0.1055,0.015578947368421053,38.27292478719271,54.621079795613866,38.666886324434714,0.645
0.1055,0.02086842105263158,40.755498070728336,53.42823387229939,41.22951423682292,0.645
0.1055,0.022000000000000002,41.28923814075325,54.23799613855908,41.72955969952308,0.645
0.1055,0.026157894736842106,42.03120072731877,57.30588848388669,42.66345378439713,0.645
0.1055,0.031000000000000003,44.27096907462955,60.88223007419076,44.59716789060005,0.645
0.1055,0.03144736842105263,44.36879194644561,60.92524217117236,44.70885260628725,0.645
0.1055,0.03673684210526316,45.728833436734135,58.94088915134394,46.09995980293024,0.645
0.1055,0.04,46.370313772190755,58.410996336232,46.819685457752975,0.645
0.1055,0.04202631578947368,46.718929778198984,60.450673220097556,47.093913299448324,0.645
0.1055,0.04731578947368421,47.57713374789497,58.9627183456913,48.12559175286731,0.645
0.1055,0.05260526315789473,48.745400220831215,59.85694727174324,49.23462154214395,0.645
0.1055,0.057894736842105256,49.66682138381135,63.101703354364986,50.04171089586996,0.645
0.1055,0.06318421052631579,50.28445771098266,66.42201393322264,50.637282295544736,0.645
0.1055,0.06847368421052633,36.99383829201047,67.28184159114024,37.01121061815747,0.645
0.1055,0.07376315789473685,51.604206675671456,65.17525987968841,52.02197082411787,0.645
0.1055,0.07905263157894737,52.0761682549995,64.16707649259656,52.55483002758411,0.645
0.1055,0.0843421052631579,52.746575688156994,66.64728394589513,53.21313314738304,0.645
0.1055,0.08963157894736842,53.07823789652964,64.96520592579097,53.81934023053348,0.645
0.1055,0.09492105263157895,52.50889589888804,60.98120492591586,53.92177937457682,0.645
0.1055,0.10021052631578947,52.1205453987975,57.707924190982936,54.3356751725051,0.645
0.1055,0.100225,52.02597797027768,57.86472487536554,54.27687739472975,0.645
0.1055,0.1055,51.39188888545158,55.15278902236639,54.84266953631939,0.645
0.1055,0.11605,29.571676169876064,32.15628063233828,49.28709679695014,0.645
