FS, Input, SNDR, SFDR, SNR, CIC_Bias
0.02,0.0022222222222222222,-5.907428397725965,1.766452324125865,-4.446619128362143,0.809765625
0.02,0.004,-7.459783163026521,8.434724031672367,-7.434660320834418,0.809765625
0.02,0.0044444444444444444,7.394244657429516,9.528930474818559,14.831804774664143,0.809765625
0.02,0.006666666666666666,12.92588103275633,16.882614013308626,20.710357526080593,0.809765625
0.02,0.008888888888888889,16.81674041143702,20.919098564225628,24.204457556291015,0.809765625
0.02,0.011111111111111112,19.68299299542831,24.720283321737128,25.5909213225399,0.809765625
0.02,0.013000000000000001,22.035140564085246,27.01341300599951,28.309011659638585,0.809765625
0.02,0.013333333333333332,22.432362426241582,27.678711522767998,28.460597900818925,0.809765625
0.02,0.015555555555555555,24.588558002988687,29.192834626360053,30.92032624868112,0.809765625
0.02,0.017777777777777778,26.4024410063104,31.08470366577413,32.1725301866703,0.809765625
0.02,0.02,27.293945242277168,31.44704213338985,32.38542401185844,0.809765625
0.02,0.022000000000000002,28.500151283139367,34.557864340055055,34.54248595166935,0.809765625
0.02,0.022000000000000002,28.500151283139367,34.557864340055055,34.54248595166935,0.809765625
0.02,0.031000000000000003,15.468997268616459,17.235281107970103,34.99031801268133,0.809765625
0.02,0.04,11.569612430039975,12.250252744901417,36.52704731862841,0.809765625
0.03,0.003333333333333333,3.9728482109965895,6.4466394338846555,9.29957904331717,0.7919921875
0.03,0.004,6.2537713058292095,8.936232989145921,13.007755907823089,0.7919921875
0.03,0.006666666666666666,12.129798212854102,15.93204175523622,19.757726215331108,0.7919921875
0.03,0.009999999999999998,17.95624586769643,23.87780312542222,24.778097284341236,0.7919921875
0.03,0.013000000000000001,22.117048201988542,28.146028955159046,28.540631561531903,0.7919921875
0.03,0.013333333333333332,22.271417680060313,28.652117275991024,27.750530455300257,0.7919921875
0.03,0.016666666666666666,25.65545141647028,32.52931475181623,30.147920371230622,0.7919921875
0.03,0.019999999999999997,28.749732384721366,35.64910652156125,32.767949788959484,0.7919921875
0.03,0.022000000000000002,29.868537745309922,36.80429465016135,33.324007264468754,0.7919921875
0.03,0.02333333333333333,30.618501268746435,37.422554479280286,34.04159564166892,0.7919921875
0.03,0.026666666666666665,32.21039729279494,37.7491758150541,35.53231330153781,0.7919921875
0.03,0.03,33.01118188848919,37.760237987381416,36.55396276651605,0.7919921875
0.03,0.031000000000000003,33.89181522784413,38.129992273189,38.49783949875575,0.7919921875
0.03,0.033,30.40756730329829,34.76899222433818,37.8905181230521,0.7919921875
0.03,0.04,18.746478689770882,21.32206759519061,38.71196480397001,0.7919921875
0.04,0.004,6.078473427198299,8.85349171976192,12.277171706962754,0.7783203124999998
0.04,0.0044444444444444444,7.1012309441083,10.349390065405785,14.190828316234242,0.7783203124999998
0.04,0.008888888888888889,15.950255598763015,21.829112883451028,22.35619982532525,0.7783203124999998
0.04,0.013000000000000001,21.85744270900573,30.15400051250076,27.13810506549521,0.7783203124999998
0.04,0.013333333333333332,22.24180236084368,30.45666982476907,27.309233368830974,0.7783203124999998
0.04,0.017777777777777778,27.30588558535901,35.4407159752114,31.100868733038993,0.7783203124999998
0.04,0.022000000000000002,31.019871412480043,42.09213752723943,33.4779680362062,0.7783203124999998
0.04,0.022222222222222223,31.25369829863461,42.037726002553086,33.72685271796781,0.7783203124999998
0.04,0.026666666666666665,34.317886644959756,45.94655030072991,36.14347815486384,0.7783203124999998
0.04,0.031000000000000003,36.205229594753845,44.85497979821113,38.16320560984137,0.7783203124999998
0.04,0.03111111111111111,36.144685611741416,44.97283941532163,38.02263993425867,0.7783203124999998
0.04,0.035555555555555556,37.6001039326873,46.177010224100556,39.28079065566223,0.7783203124999998
0.04,0.04,38.96153216679161,45.19032165090912,41.73170515684535,0.7783203124999998
0.04,0.04,38.96153216679161,45.19032165090912,41.73170515684535,0.7783203124999998
0.04,0.044000000000000004,29.913194887210484,35.68070475490238,41.472835216224304,0.7783203124999998
0.05,0.004,5.915273174296464,8.493899777605833,12.319479219769683,0.7646484375
0.05,0.005555555555555556,9.484998447351057,14.04844249553959,16.101542725534348,0.7646484375
0.05,0.011111111111111112,19.867108285652716,27.669626773592103,25.514063725683805,0.7646484375
0.05,0.013000000000000001,22.232244422795752,29.788149110865934,27.269752219008435,0.7646484375
0.05,0.016666666666666666,26.790548056684965,36.545827665883664,29.98171901805882,0.7646484375
0.05,0.022000000000000002,31.769752924504026,45.85543207436913,33.287088844328984,0.7646484375
0.05,0.022222222222222223,32.11356811523623,45.9736180725468,33.695555712432046,0.7646484375
0.05,0.02777777777777778,36.005171847591875,47.46751662575062,36.885120860577,0.7646484375
0.05,0.031000000000000003,36.69774438136099,52.3386113911881,37.146703166304476,0.7646484375
0.05,0.03333333333333333,38.44633283834918,54.49887320579938,39.02700979930712,0.7646484375
0.05,0.03888888888888889,39.41401642381258,53.59601470074253,39.805786266537254,0.7646484375
0.05,0.04,39.86714239245986,55.25939332616403,40.16673422712547,0.7646484375
0.05,0.044444444444444446,41.08096839488319,57.96274265201817,41.43510913568454,0.7646484375
0.05,0.05,43.015651042276744,54.52455375696643,43.82027448779458,0.7646484375
0.05,0.05500000000000001,30.284777431011175,36.21794404779607,44.50679194715191,0.7646484375
0.06,0.004,5.747651862492228,8.38668514201445,11.731310564406938,0.7496093750000001
0.06,0.006666666666666666,12.210486241735083,18.68385980753986,18.139502849989096,0.7496093750000001
0.06,0.013000000000000001,22.7021225087708,31.854224066695146,27.135539623563915,0.7496093750000001
0.06,0.013333333333333332,23.08498208385142,32.42307529700015,27.300714478008885,0.7496093750000001
0.06,0.019999999999999997,30.25783440078747,42.33745222149808,32.032875755696736,0.7496093750000001
0.06,0.022000000000000002,31.983039644868384,45.44944768702779,33.3598137497769,0.7496093750000001
0.06,0.026666666666666665,35.430418302666084,50.19652599985465,36.14335107286025,0.7496093750000001
0.06,0.031000000000000003,36.34701345996152,48.984959329170366,37.18666709256548,0.7496093750000001
0.06,0.03333333333333333,38.09636611981938,51.87924464776704,38.706924973364345,0.7496093750000001
0.06,0.039999999999999994,39.43753163311074,50.04507523476059,40.03134002264262,0.7496093750000001
0.06,0.04,39.78481295436788,50.3465451939399,40.40379519273679,0.7496093750000001
0.06,0.04666666666666666,42.085263376159375,54.9303431375326,42.68973751047736,0.7496093750000001
0.06,0.05333333333333333,44.19717232246462,58.46218208801017,44.633835136290976,0.7496093750000001
0.06,0.06,45.06892134741929,56.38632608596421,45.88035329637006,0.7496093750000001
0.06,0.066,28.259340644311372,32.87124874791107,46.18932557257703,0.7496093750000001
0.08,0.004,-7.552964696302748,8.88851799592842,-7.530044787881879,0.703125
0.08,0.008888888888888889,16.45901607272028,23.327300769621807,22.537850056615806,0.703125
0.08,0.013000000000000001,22.237197194087905,31.703301213667125,26.158099852799566,0.703125
0.08,0.017777777777777778,27.936505182460323,39.644137481669375,30.362864197328527,0.703125
0.08,0.022000000000000002,30.883172011605,42.801583219736855,32.20197725378765,0.703125
0.08,0.026666666666666665,34.7415124984452,48.144293933976876,35.59468761506681,0.703125
0.08,0.031000000000000003,37.263180212244166,52.87163181708856,37.9421053200899,0.703125
0.08,0.035555555555555556,38.54217654547011,55.05581063449213,38.92669721447331,0.703125
0.08,0.04,40.23878902225759,52.54035656889629,40.97946562730766,0.703125
0.08,0.044444444444444446,41.77629486707251,51.1170574999429,42.721835486246285,0.703125
0.08,0.05333333333333333,43.766094384562464,53.38442471830987,45.03900251249586,0.703125
0.08,0.06222222222222222,45.087697680951486,54.68396648894496,45.9896944327884,0.703125
0.08,0.07111111111111111,46.144888459386515,57.29307036088936,46.76556501178865,0.703125
0.08,0.08,47.638992791898986,59.01609385145176,48.210094931983896,0.703125
0.08,0.08800000000000001,28.111985658671742,32.51460152332103,47.95420600490055,0.703125
0.1,0.004,5.790046629707665,8.570121254684281,11.724068764153486,0.6580078125
0.1,0.011111111111111112,19.793350580906225,28.243183954168334,24.93119284263836,0.6580078125
0.1,0.013000000000000001,22.284179602991085,30.52703862544229,26.625854992452062,0.6580078125
0.1,0.022000000000000002,31.782161877088612,44.49131664895276,33.212630461345775,0.6580078125
0.1,0.022222222222222223,32.13066465309052,44.96598403464301,33.50154574793284,0.6580078125
0.1,0.031000000000000003,36.97988146971157,47.7949752109441,37.736251997280704,0.6580078125
0.1,0.03333333333333333,37.41122724740521,48.380420449195626,38.05326894248574,0.6580078125
0.1,0.04,40.835296747826376,53.84149581130027,41.44601518017307,0.6580078125
0.1,0.044444444444444446,40.59730691319417,54.37480836894316,41.00646047071152,0.6580078125
0.1,0.05555555555555556,43.566746383250376,52.33071062695825,44.49234045698307,0.6580078125
0.1,0.06666666666666667,45.351506131301775,56.105068159797824,46.40986018408425,0.6580078125
0.1,0.07777777777777778,47.261873674229314,56.16434935410759,48.21025866738839,0.6580078125
0.1,0.08888888888888889,48.103655782758906,56.976127105483314,48.97772716800057,0.6580078125
0.1,0.1,48.037163168074585,61.434844400265845,48.531862700634186,0.6580078125
0.1,0.11000000000000001,27.981132099706162,32.35998620945731,48.88552349573882,0.6580078125
0.12,0.004,5.8136386377553695,8.652812321936807,11.745899254018495,0.6128906249999999
0.12,0.013000000000000001,22.41068370124067,32.031825180592975,26.38791468348161,0.6128906249999999
0.12,0.013333333333333332,22.984022995779718,32.77076919133734,26.95362473384392,0.6128906249999999
0.12,0.022000000000000002,31.21842184023718,45.54011449685698,32.41960736057023,0.6128906249999999
0.12,0.026666666666666665,35.37155439416378,49.244507829103995,36.17113822122304,0.6128906249999999
0.12,0.031000000000000003,36.6787608484627,49.33806763760781,37.481052863234254,0.6128906249999999
0.12,0.039999999999999994,39.6717288070591,49.693986453218265,40.479390325275745,0.6128906249999999
0.12,0.04,39.57949240166821,49.63867684465859,40.33219294037838,0.6128906249999999
0.12,0.05333333333333333,42.02851530984269,54.207107703960986,42.51378951907523,0.6128906249999999
0.12,0.06666666666666667,44.426205575457026,54.20497231177187,45.08635746749561,0.6128906249999999
0.12,0.07999999999999999,46.93588154700429,57.19682162578172,47.879289823491916,0.6128906249999999
0.12,0.09333333333333332,48.862338865251154,57.37409683664094,49.843069963017356,0.6128906249999999
0.12,0.10666666666666666,49.16808234801329,56.17578905674601,50.43106383473798,0.6128906249999999
0.12,0.12,50.70887567036461,59.34493336317962,51.75848451622428,0.6128906249999999
0.12,0.132,28.235408771791136,32.62315786463943,49.07242398924639,0.6128906249999999
0.14,0.004,5.8394406054968435,8.689167228158993,11.99077369058817,0.569140625
0.14,0.013000000000000001,22.379570327585526,32.03770393619668,26.285324423988637,0.569140625
0.14,0.015555555555555557,25.700397924105616,36.34304053156397,28.755042900564526,0.569140625
0.14,0.022000000000000002,31.008967361915335,45.29215229659401,32.104568788008365,0.569140625
0.14,0.031000000000000003,36.352733003179196,52.81914104590677,36.78228226670643,0.569140625
0.14,0.031111111111111114,37.306734579547566,52.8181978531194,37.819870559768,0.569140625
0.14,0.04,39.725549367729954,49.00441452394409,40.58410134137412,0.569140625
0.14,0.04666666666666667,41.3430307043435,51.1537828597438,42.3713740482209,0.569140625
0.14,0.06222222222222223,44.43562422990868,54.4800445382312,45.17507108625095,0.569140625
0.14,0.07777777777777778,46.190797803542964,55.46343487669803,46.96167996882863,0.569140625
0.14,0.09333333333333334,46.86559676880648,58.19505721605686,47.59535006427164,0.569140625
0.14,0.1088888888888889,47.80527729007837,57.91393024077082,48.502306018110524,0.569140625
0.14,0.12444444444444445,49.693310367937286,55.60240222854429,51.33394092449453,0.569140625
0.14,0.14,50.4614941048098,57.92934127236816,51.71824840643942,0.569140625
0.14,0.15400000000000003,28.16276287439813,32.48791325174407,49.83801749624068,0.569140625
0.16,0.004,5.588823780950625,8.532992742618848,10.93857260157323,0.5267578125
0.16,0.013000000000000001,22.28849546063379,31.75805306719341,26.10252643749949,0.5267578125
0.16,0.017777777777777778,28.04647945475322,40.11970253710939,30.26820246169304,0.5267578125
0.16,0.022000000000000002,30.908920651093396,43.51376838356622,32.14144438408705,0.5267578125
0.16,0.031000000000000003,35.65525849311043,51.72944311880934,36.1357094818107,0.5267578125
0.16,0.035555555555555556,38.91219950306045,54.55690086214305,39.425943119872564,0.5267578125
0.16,0.04,38.92969990409091,52.15147465713733,39.52265840642285,0.5267578125
0.16,0.05333333333333333,41.86478131809805,52.16127796762514,42.723650498928414,0.5267578125
0.16,0.07111111111111111,43.8926743439047,54.04525911483498,44.56112817108825,0.5267578125
0.16,0.08888888888888889,47.20778952393941,56.103379023397764,48.07113518607214,0.5267578125
0.16,0.10666666666666666,48.01811764659587,57.96818298815492,48.87305142167679,0.5267578125
0.16,0.12444444444444444,49.72159710800198,57.20646387644271,51.02530578010117,0.5267578125
0.16,0.14222222222222222,49.71740331168426,54.653840559282884,51.8630636404885,0.5267578125
0.16,0.16,50.199930383494085,56.970070864127294,51.74399812422226,0.5267578125
0.16,0.17600000000000002,27.75995108826654,31.975202684919182,49.97925138602699,0.5267578125
0.18,0.004,5.5933841213782065,8.467569145234322,10.956873998077567,0.48164062500000004
0.18,0.013000000000000001,22.09385044684677,30.914594353086386,25.591098328213533,0.48164062500000004
0.18,0.02,29.423614463217046,42.81260303224683,30.795751736643446,0.48164062500000004
0.18,0.022000000000000002,30.73198070855519,43.35817927936523,31.83114630246688,0.48164062500000004
0.18,0.031000000000000003,35.05452991257561,50.39117718228108,35.50767068944148,0.48164062500000004
0.18,0.04,37.85220860135391,53.95880783744937,38.19244428382462,0.48164062500000004
0.18,0.04,37.85220860135391,53.95880783744937,38.19244428382462,0.48164062500000004
0.18,0.06,43.553956239245764,52.23893817490468,44.782856456761166,0.48164062500000004
0.18,0.08,45.54003898382612,53.686203788987264,46.54947399316641,0.48164062500000004
0.18,0.1,47.64073589654919,55.90980364270829,48.719877135312814,0.48164062500000004
0.18,0.12,48.82648998203624,57.32752699793128,50.026613395039845,0.48164062500000004
0.18,0.14,49.518924829174324,56.160330870166106,51.128006355845244,0.48164062500000004
0.18,0.16,49.03658976745686,54.23330230201129,50.97352479967672,0.48164062500000004
0.18,0.18,49.87353636203825,58.54628491542962,51.41654573133262,0.48164062500000004
0.18,0.198,28.096878495962763,32.590388757874805,49.84306072478381,0.48164062500000004
0.2,0.004,5.5821610533602115,8.570493191233325,10.670708393280666,0.43515624999999997
0.2,0.013000000000000001,21.844746770829772,30.36770944084553,24.966823407699334,0.43515624999999997
0.2,0.022000000000000002,30.797976377720403,45.72524915654082,31.73754627737743,0.43515624999999997
0.2,0.022222222222222223,30.900619473440806,45.62160080302093,31.78957375766941,0.43515624999999997
0.2,0.031000000000000003,35.573337458545964,46.477471568156716,36.277715478505584,0.43515624999999997
0.2,0.04,38.45797581792213,51.980147573602665,39.03937747154708,0.43515624999999997
0.2,0.044444444444444446,39.2356480330657,52.81107636462361,39.76264270704087,0.43515624999999997
0.2,0.06666666666666667,42.32956936136823,52.64492299477883,43.15495565683208,0.43515624999999997
0.2,0.08888888888888889,44.73015911440512,53.16549448410717,45.67821317689828,0.43515624999999997
0.2,0.11111111111111112,47.41638650431044,55.90502709388548,48.586702597198695,0.43515624999999997
0.2,0.13333333333333333,48.47913336275029,56.28708275133324,49.868700153967715,0.43515624999999997
0.2,0.15555555555555556,49.20453697941905,54.828528951880365,51.2611067500934,0.43515624999999997
0.2,0.17777777777777778,50.094347940085456,57.78387380146013,51.65919403534105,0.43515624999999997
0.2,0.2,46.9002928963459,52.25417856616437,52.334835258823496,0.43515624999999997
0.2,0.22000000000000003,28.43135911608821,33.69711161827105,50.10845969435876,0.43515624999999997
