FS, Input, SNDR, SFDR, SNR, CIC_Bias
0.04,0.004,27.490899432242664,42.65108304162782,27.736864211732495,0.7701171874999999
0.04,0.005,18.00982618981244,20.637913053196026,26.17392334831761,0.7701171874999999
0.04,0.008888888888888889,25.34312048142834,28.690046349887265,31.96006777843278,0.7701171874999999
0.04,0.012777777777777779,29.417849245115413,35.158823393572675,34.858804220609144,0.7701171874999999
0.04,0.013000000000000001,29.575533850194645,35.729146956866515,34.99296901735866,0.7701171874999999
0.04,0.016666666666666666,30.078071352444162,35.44484545926683,35.62981551078119,0.7701171874999999
0.04,0.020555555555555556,32.30656285682823,37.0486891620668,37.81121352686637,0.7701171874999999
0.04,0.022000000000000002,33.245543133658686,39.70329693675369,38.6580903951975,0.7701171874999999
0.04,0.024444444444444446,34.51942851258461,41.17885950479331,39.68691617341473,0.7701171874999999
0.04,0.028333333333333335,35.65637628875683,42.3663033986178,40.71243445524556,0.7701171874999999
0.04,0.031000000000000003,36.74800350349876,46.35893553038375,40.21451175102005,0.7701171874999999
0.04,0.03222222222222222,37.09261196886387,45.428070077385115,40.537763658246455,0.7701171874999999
0.04,0.036111111111111115,37.75819567414703,43.66307814889646,41.284523916946966,0.7701171874999999
0.04,0.04,37.49814981342597,41.07686916370003,42.03294338694495,0.7701171874999999
0.04,0.04,37.49814981342597,41.07686916370003,42.03294338694495,0.7701171874999999
0.04,0.044000000000000004,25.9018819562476,30.519467962198036,42.34101094605084,0.7701171874999999
0.05,0.004,27.788289988171634,45.389604137193146,27.968253568006606,0.755078125
0.05,0.005,29.82017443337876,51.950473604624214,29.95734806177984,0.755078125
0.05,0.010000000000000002,33.379186884432514,38.69602713307429,35.66827384027568,0.755078125
0.05,0.013000000000000001,36.18740644912784,45.65198448883834,37.92341251214708,0.755078125
0.05,0.015000000000000003,37.613311985765044,47.263640385241914,39.30370354143685,0.755078125
0.05,0.020000000000000004,39.79823368276587,48.10325368926628,41.627998636643525,0.755078125
0.05,0.022000000000000002,39.67333268431966,46.75476035339894,41.84261904830529,0.755078125
0.05,0.025000000000000005,41.396093599900226,51.04601512325287,43.05797351668572,0.755078125
0.05,0.030000000000000006,43.135803686289506,52.66945724904072,44.69152816235944,0.755078125
0.05,0.031000000000000003,43.11671761564904,51.49047975319304,44.734603385416946,0.755078125
0.05,0.035,43.789303955733075,49.66068984807545,45.92890788180582,0.755078125
0.05,0.04,44.37801834198578,49.484409448632796,46.7543742433582,0.755078125
0.05,0.04,44.37801834198578,49.484409448632796,46.7543742433582,0.755078125
0.05,0.045000000000000005,45.415669866633294,50.87648377378464,47.77380186325236,0.755078125
0.05,0.05,44.206832805670814,47.41885601508422,48.24810379411859,0.755078125
0.05,0.05500000000000001,26.196833560829678,31.107201986778694,47.01952460838426,0.755078125
0.06,0.004,27.628623914009776,44.8794523048213,27.8442837041013,0.7345703124999998
0.06,0.005,29.483134722422193,45.86108695060885,29.710418391593585,0.7345703124999998
0.06,0.011111111111111112,36.314465984619694,51.01177119980987,36.57342561822682,0.7345703124999998
0.06,0.013000000000000001,37.442601285593675,49.04906506143907,37.85770382746482,0.7345703124999998
0.06,0.017222222222222222,39.81937862285478,51.93077504801114,40.23452532547317,0.7345703124999998
0.06,0.022000000000000002,41.91099596713065,53.16362696366286,42.36801439285702,0.7345703124999998
0.06,0.023333333333333334,42.52306283703392,56.349903352183034,42.93928286039839,0.7345703124999998
0.06,0.029444444444444447,43.83526574225943,52.00380510135875,44.7117334782164,0.7345703124999998
0.06,0.031000000000000003,44.263003003379765,52.42802264220618,45.11584635333178,0.7345703124999998
0.06,0.035555555555555556,45.46644550757868,53.81617680491647,46.36655165523031,0.7345703124999998
0.06,0.04,46.4798513437504,55.602668212190245,47.33290876071989,0.7345703124999998
0.06,0.041666666666666664,46.78348424015254,57.46107612577952,47.57397340332355,0.7345703124999998
0.06,0.04777777777777778,47.76687942434785,56.731839277822914,48.65545492868888,0.7345703124999998
0.06,0.05388888888888889,48.7608333028707,58.808619913578156,49.59971758107808,0.7345703124999998
0.06,0.06,47.25068644985874,51.90084492362678,50.236080444622324,0.7345703124999998
0.06,0.066,25.253584791866885,29.46537638194979,47.90290700053133,0.7345703124999998
0.08,0.004,27.18474201980615,47.09052598939331,27.337816101936035,0.6867187499999999
0.08,0.005,28.86878835138515,47.15324527662123,29.12476669402832,0.6867187499999999
0.08,0.013000000000000001,37.1255443414478,57.499413048678,37.251302568746006,0.6867187499999999
0.08,0.013333333333333332,37.246118183466834,59.35252410538818,37.364180713345576,0.6867187499999999
0.08,0.021666666666666667,41.286393727771944,56.50745530652742,41.57686261817589,0.6867187499999999
0.08,0.022000000000000002,41.49631252624303,55.718568297320864,41.774825473307004,0.6867187499999999
0.08,0.030000000000000002,43.97412082613472,57.9869020217118,44.24150007409689,0.6867187499999999
0.08,0.031000000000000003,44.273789492308936,57.47013950421276,44.58101564230763,0.6867187499999999
0.08,0.03833333333333333,45.56589381545143,54.85919225761477,46.277029913430255,0.6867187499999999
0.08,0.04,45.87386269443496,54.299652486501046,46.70314849060132,0.6867187499999999
0.08,0.04666666666666666,47.12530605790212,56.6923244135195,47.79457582003461,0.6867187499999999
0.08,0.055,48.574149238493064,59.121367161522436,49.22449619357165,0.6867187499999999
0.08,0.06333333333333334,49.52546621726775,60.13865708779272,50.1574754574516,0.6867187499999999
0.08,0.07166666666666667,50.59444674687917,62.756058654922555,51.159402398854354,0.6867187499999999
0.08,0.08,49.61677012686373,55.72699082552143,51.859333447313894,0.6867187499999999
0.08,0.08800000000000001,25.357324512524887,29.48757110520431,48.68756066320841,0.6867187499999999
0.1,0.004,26.692737631261984,41.6929160403737,27.031481850535542,0.6416015624999999
0.1,0.005,28.53880736076983,42.024592389026566,28.844905008723103,0.6416015624999999
0.1,0.013000000000000001,36.524184906833895,56.10976970701915,36.67174199301566,0.6416015624999999
0.1,0.015555555555555555,38.190418572349486,58.317346102743016,38.29752926238291,0.6416015624999999
0.1,0.022000000000000002,40.97986282459047,56.37575780827189,41.18513518302145,0.6416015624999999
0.1,0.026111111111111113,42.39703661423007,56.2919429519504,42.629106304202615,0.6416015624999999
0.1,0.031000000000000003,43.75669639037178,58.96871329606341,43.986617935299456,0.6416015624999999
0.1,0.03666666666666667,44.91191689097249,58.22844647063546,45.26795212621905,0.6416015624999999
0.1,0.04,45.77355567787861,62.13553095540105,46.07254402370069,0.6416015624999999
0.1,0.04722222222222222,46.544972903846215,57.673612185949565,47.163757591604124,0.6416015624999999
0.1,0.057777777777777775,48.175199054926594,58.077487736141684,48.823812480451764,0.6416015624999999
0.1,0.06833333333333334,49.753489746627146,62.05334644111311,50.26468624555102,0.6416015624999999
0.1,0.0788888888888889,50.78094288543248,64.30906722936315,51.27438282632886,0.6416015624999999
0.1,0.08944444444444445,51.65902022106843,64.46156280342232,52.14282877670933,0.6416015624999999
0.1,0.1,51.079050188464365,58.15543548554426,52.754922292100915,0.6416015624999999
0.1,0.11000000000000001,25.04053453896934,29.005268150040763,48.96649002067092,0.6416015624999999
0.12,0.004,25.5945524178518,40.260517456359224,25.955837361141594,0.5978515624999998
0.12,0.005,27.314064199763408,42.830257611655036,27.877089932090037,0.5978515624999998
0.12,0.013000000000000001,35.454901072613836,50.12735542334847,35.8234375206636,0.5978515624999998
0.12,0.017777777777777778,38.47570193536734,57.811844427235584,38.63291009275778,0.5978515624999998
0.12,0.022000000000000002,40.083428670175664,58.72603883936471,40.309393965114324,0.5978515624999998
0.12,0.030555555555555555,42.40574055906258,56.77197032965921,42.68555496845985,0.5978515624999998
0.12,0.031000000000000003,42.65114316037746,54.6031346454608,43.054206467575725,0.5978515624999998
0.12,0.04,44.8475646125828,59.4733396998004,45.150487521541194,0.5978515624999998
0.12,0.04333333333333333,45.50835036533827,59.58193244712833,45.8242232590508,0.5978515624999998
0.12,0.056111111111111105,47.58275645139708,63.038622275506356,47.86762618860348,0.5978515624999998
0.12,0.06888888888888889,48.72371816345432,59.5773788312547,49.33755263006387,0.5978515624999998
0.12,0.08166666666666667,50.20433588635849,62.45195973492254,50.751160438949114,0.5978515624999998
0.12,0.09444444444444444,51.348643658289426,63.739029159647316,51.93744123989461,0.5978515624999998
0.12,0.10722222222222222,52.35074491519284,65.16338112535297,52.823013087485805,0.5978515624999998
0.12,0.12,52.104733092860286,60.276322630626055,53.51042979594938,0.5978515624999998
0.12,0.132,24.52304188524911,28.305476041933815,49.015622292116404,0.5978515624999998
0.14,0.004,24.68735764703434,38.93124538884325,25.254006446735524,0.5527343749999999
0.14,0.005,26.96577286896658,42.321735852417106,27.40619643206104,0.5527343749999999
0.14,0.013000000000000001,-6.366047399870535,52.84074482588859,-6.366045408599087,0.5527343749999999
0.14,0.02,38.6123898373684,57.2421421786442,38.75025261401334,0.5527343749999999
0.14,0.022000000000000002,39.43353580529753,57.07069091276059,39.624507792283914,0.5527343749999999
0.14,0.031000000000000003,42.0765804828458,55.5153752820813,42.35951843254284,0.5527343749999999
0.14,0.035,42.890425332797776,54.13177467118589,43.32268402170329,0.5527343749999999
0.14,0.04,44.016756734671446,57.059136586672,44.31352548080737,0.5527343749999999
0.14,0.05,45.96406433914065,62.19735761871961,46.23502186217301,0.5527343749999999
0.14,0.065,47.984111461812574,64.72662171911293,48.21837694565812,0.5527343749999999
0.14,0.08000000000000002,49.4598522225533,59.896551065067406,50.13842723577327,0.5527343749999999
0.14,0.09500000000000001,50.67383003542446,62.67883485523735,51.261560336043786,0.5527343749999999
0.14,0.11000000000000001,51.88267329521885,64.38778055648228,52.440909156380904,0.5527343749999999
0.14,0.125,52.93501290807513,64.5413649228462,53.39003751185372,0.5527343749999999
0.14,0.14,53.13134057999146,63.67978292813833,54.13037192049434,0.5527343749999999
0.14,0.15400000000000003,24.786706445712575,28.612524414773098,49.28608033686527,0.5527343749999999
0.16,0.004,23.474024846576725,34.528209105349504,24.293364711462363,0.5089843749999999
0.16,0.005,25.6366800436737,37.97655915892793,26.281492674131776,0.5089843749999999
0.16,0.013000000000000001,34.007954442375194,50.726332076585585,34.39822488055656,0.5089843749999999
0.16,0.022000000000000002,38.19969212100291,52.49041066887866,38.63475387341802,0.5089843749999999
0.16,0.022222222222222223,38.39294658373336,51.80151444565994,38.902548451470395,0.5089843749999999
0.16,0.031000000000000003,41.278727468644604,56.93045363053611,41.636950675659,0.5089843749999999
0.16,0.03944444444444444,43.23058029951913,56.92486310224843,43.57260635196596,0.5089843749999999
0.16,0.04,42.99430598764418,54.2047138555251,43.579943419223774,0.5089843749999999
0.16,0.056666666666666664,46.24953702283336,61.49930823556086,46.55060879740171,0.5089843749999999
0.16,0.07388888888888889,48.4727546388638,62.56423921257602,48.77337347618098,0.5089843749999999
0.16,0.09111111111111111,49.56490643196912,58.77974281523748,50.46586117574378,0.5089843749999999
0.16,0.10833333333333334,51.067441070195244,63.50973292410889,51.777570401091154,0.5089843749999999
0.16,0.12555555555555556,52.088523111513695,65.29325412662153,52.686588749106555,0.5089843749999999
0.16,0.14277777777777778,53.26584743360036,64.92634078322774,53.79203181041578,0.5089843749999999
0.16,0.16,52.50736278623742,60.328874820299724,54.56480838433787,0.5089843749999999
0.16,0.17600000000000002,24.618345352270104,28.41928857387139,49.180799398296664,0.5089843749999999
0.18,0.004,23.018677069156258,37.61329376215078,23.779551257155155,0.46249999999999997
0.18,0.005,25.64266321797399,38.11657524981439,26.198375221735223,0.46249999999999997
0.18,0.013000000000000001,33.65939660710488,49.16319822309353,34.01164412969756,0.46249999999999997
0.18,0.022000000000000002,37.67970152831896,55.62847092391746,38.02143015844129,0.46249999999999997
0.18,0.024444444444444446,38.948356403700515,55.74947066856515,39.181621647699444,0.46249999999999997
0.18,0.031000000000000003,40.801385715206486,60.210019596080926,41.02759702983668,0.46249999999999997
0.18,0.04,42.76764035383924,59.02933894374327,43.13959487453292,0.46249999999999997
0.18,0.04388888888888889,43.711737360686115,56.371702776281616,44.03366402344897,0.46249999999999997
0.18,0.06333333333333334,46.81887628030057,63.048135925037926,47.065549311991724,0.46249999999999997
0.18,0.08277777777777778,48.991456455667766,64.65252294711095,49.1885933069596,0.46249999999999997
0.18,0.10222222222222223,49.83570496445061,58.8846821348224,50.740775606040565,0.46249999999999997
0.18,0.12166666666666667,51.457561074750515,64.08506492498068,52.08309576489795,0.46249999999999997
0.18,0.14111111111111113,52.5544780870007,66.08227354935133,53.122820815413235,0.46249999999999997
0.18,0.16055555555555556,53.25077736290094,63.47222209211925,54.10910367938242,0.46249999999999997
0.18,0.18,46.55822530407501,49.816730138249895,54.2853572283516,0.46249999999999997
0.18,0.198,25.09946072683959,29.30427578412192,48.98116219402935,0.46249999999999997
0.2,0.004,22.69237081354365,32.047924144122796,23.585687064414866,0.4146484374999999
0.2,0.005,25.02569115943937,38.156516064215644,25.765520511420377,0.4146484374999999
0.2,0.013000000000000001,32.68331179522911,47.56815196777262,33.21639118579169,0.4146484374999999
0.2,0.022000000000000002,36.99580879494173,51.88465434085053,37.18570966405776,0.4146484374999999
0.2,0.02666666666666667,38.96023865150188,54.92353900016427,39.2829803217993,0.4146484374999999
0.2,0.031000000000000003,40.33031391869956,55.47626063385397,40.486840343734876,0.4146484374999999
0.2,0.04,42.417895085216244,61.78156279604169,42.61653577602628,0.4146484374999999
0.2,0.04833333333333333,43.90699470819457,59.446531904118636,44.19117127456516,0.4146484374999999
0.2,0.07,47.03641269634821,63.05186773142725,47.311343767324146,0.4146484374999999
0.2,0.09166666666666667,49.200674019822074,61.655656402001725,49.57309286856605,0.4146484374999999
0.2,0.11333333333333334,49.78736822501396,57.5912086927119,51.02334454663666,0.4146484374999999
0.2,0.135,51.30524210631254,61.13932882393161,52.158719841269054,0.4146484374999999
0.2,0.15666666666666668,52.06081368020507,60.43425222731886,53.13017251765422,0.4146484374999999
0.2,0.17833333333333334,47.122403104935636,50.245506211077306,53.255853015624446,0.4146484374999999
0.2,0.2,39.35588961238121,41.255876998502416,52.42602643467041,0.4146484374999999
0.2,0.22000000000000003,25.389133030992,30.551411890404772,48.44710133058619,0.4146484374999999
