FS, Input, SNDR
0.005,0.004,20.72860327915486
0.005,0.005,23.02438250806969
0.005,0.005,23.02438250806969
0.005,0.005,23.02438250806969
0.005,0.005,23.02438250806969
0.005,0.005,23.02438250806969
0.005,0.005,23.02438250806969
0.005,0.005,23.02438250806969
0.005,0.005,23.02438250806969
0.005,0.005,23.02438250806969
0.005,0.005,23.02438250806969
0.005,0.0055000000000000005,4.6242338407966335
0.005,0.013000000000000001,5.115120192175011
0.005,0.022000000000000002,1.6566092913158919
0.005,0.031000000000000003,-0.03695304251828
0.005,0.04,-1.1589641517476001
0.01,0.004,14.135033111078384
0.01,0.005,16.6486114437047
0.01,0.005555555555555556,17.15388606454306
0.01,0.006111111111111111,18.38602607593786
0.01,0.006666666666666666,19.538110101703467
0.01,0.007222222222222222,20.3815347860092
0.01,0.0077777777777777776,21.283329414017636
0.01,0.008333333333333333,21.849198238293212
0.01,0.008888888888888889,22.74621820709935
0.01,0.009444444444444445,23.08497629530915
0.01,0.01,23.61550577619675
0.01,0.011000000000000001,23.820880501120474
0.01,0.013000000000000001,16.305742215977958
0.01,0.022000000000000002,6.764364028896278
0.01,0.031000000000000003,3.872823081568658
0.01,0.04,2.218224376170694
0.015,0.004,18.178923793736175
0.015,0.005,20.112265167904763
0.015,0.0061111111111111106,22.554089910951024
0.015,0.007222222222222222,24.542279295665047
0.015,0.008333333333333333,26.34486519947925
0.015,0.009444444444444443,27.499485013402186
0.015,0.010555555555555554,28.528270944103248
0.015,0.011666666666666665,29.72356552197123
0.015,0.012777777777777777,30.638241365665195
0.015,0.013000000000000001,30.791197715253084
0.015,0.013888888888888888,31.567866757746806
0.015,0.015,31.838839809320056
0.015,0.0165,26.94017192346465
0.015,0.022000000000000002,12.694353013288094
0.015,0.031000000000000003,7.292651469687738
0.015,0.04,4.870911828954513
0.02,0.004,27.53935009179216
0.02,0.005,29.289528195216835
0.02,0.006666666666666666,24.03627281697609
0.02,0.008333333333333333,27.742405714498105
0.02,0.009999999999999998,30.17463719206912
0.02,0.011666666666666665,32.024926838215954
0.02,0.013000000000000001,33.19003430607754
0.02,0.013333333333333332,33.57160375417952
0.02,0.015,34.58892604655939
0.02,0.016666666666666666,35.64812824421557
0.02,0.018333333333333333,36.49455088297123
0.02,0.02,36.044316745506094
0.02,0.022000000000000002,28.474192747859565
0.02,0.022000000000000002,28.474192747859565
0.02,0.031000000000000003,11.558873642221174
0.02,0.04,7.660586741932151
0.025,0.004,25.231578154384916
0.025,0.005,27.309150281650414
0.025,0.007222222222222222,30.811701369948064
0.025,0.009444444444444445,28.59278278767981
0.025,0.011666666666666665,32.322964443445514
0.025,0.013000000000000001,33.63245083444576
0.025,0.013888888888888888,34.41174717467
0.025,0.01611111111111111,35.9197504646013
0.025,0.018333333333333333,36.924266943830446
0.025,0.020555555555555556,38.21570515055049
0.025,0.022000000000000002,38.66559240631389
0.025,0.02277777777777778,38.93787028913428
0.025,0.025,38.40909696531887
0.025,0.027500000000000004,28.086169318610334
0.025,0.031000000000000003,18.185167413608617
0.025,0.04,3.3370133608151153
0.03,0.004,26.397657441363997
0.03,0.005,28.61154291472415
0.03,0.0077777777777777776,32.36309330502631
0.03,0.010555555555555554,35.17655577965753
0.03,0.013000000000000001,34.262138471799624
0.03,0.013333333333333332,34.797485739708904
0.03,0.01611111111111111,37.021623896851764
0.03,0.01888888888888889,38.5846039205433
0.03,0.021666666666666664,39.50241621342846
0.03,0.022000000000000002,39.74011003373048
0.03,0.024444444444444442,40.856035301346196
0.03,0.02722222222222222,41.58235395893658
0.03,0.03,40.26168029165133
0.03,0.031000000000000003,39.020918598045206
0.03,0.033,25.817889278324397
0.03,0.04,14.749958852768735
0.035,0.004,4.683900541726879
0.035,0.005,28.20759589339779
0.035,0.008333333333333333,32.88858871534862
0.035,0.011666666666666667,36.01081978363738
0.035,0.013000000000000001,36.907759649607016
0.035,0.015,36.14290044499252
0.035,0.018333333333333333,38.75896022284373
0.035,0.021666666666666667,40.056449824188476
0.035,0.022000000000000002,40.13195073450405
0.035,0.025,40.88093703750161
0.035,0.028333333333333335,42.26361911124167
0.035,0.031000000000000003,42.866975195966006
0.035,0.03166666666666667,43.05743921834878
0.035,0.035,41.383376313414466
0.035,0.038500000000000006,25.731481849014365
0.035,0.04,22.07615905337797
0.04,0.004,26.892258405713022
0.04,0.005,28.379872941354293
0.04,0.008888888888888889,33.59630525346506
0.04,0.012777777777777779,36.790261435313646
0.04,0.013000000000000001,36.922159457340214
0.04,0.016666666666666666,36.02188488501588
0.04,0.020555555555555556,39.77603319175548
0.04,0.022000000000000002,40.606025033883704
0.04,0.024444444444444446,41.26205697407852
0.04,0.028333333333333335,42.45080141358082
0.04,0.031000000000000003,43.28916322924777
0.04,0.03222222222222222,43.664060144355105
0.04,0.036111111111111115,44.35930985107507
0.04,0.04,42.840214143621964
0.04,0.04,42.840214143621964
0.04,0.044000000000000004,26.107361988837333
0.045,0.004,27.167260276856517
0.045,0.005,29.09183212841368
0.045,0.009444444444444445,34.57544140863342
0.045,0.013000000000000001,37.25930523359033
0.045,0.013888888888888888,37.93276652816183
0.045,0.018333333333333333,39.9979316459995
0.045,0.022000000000000002,40.69587164029364
0.045,0.02277777777777778,41.239014172775306
0.045,0.027222222222222224,4.722573048248654
0.045,0.031000000000000003,43.73843014745391
0.045,0.03166666666666666,43.88176140902892
0.045,0.03611111111111111,44.89004821516196
0.045,0.04,45.58376931537019
0.045,0.04055555555555555,45.76279589389021
0.045,0.045,44.0281318730461
0.045,0.0495,25.732011549022097
0.05,0.004,27.668163413123267
0.05,0.005,29.563130931066752
0.05,0.010000000000000002,35.33166876579205
0.05,0.013000000000000001,37.49228743386014
0.05,0.015000000000000003,39.04213759231073
0.05,0.020000000000000004,41.472187096865234
0.05,0.022000000000000002,40.97020698568454
0.05,0.025000000000000005,42.381798032860914
0.05,0.030000000000000006,44.204424544407175
0.05,0.031000000000000003,44.353985644795486
0.05,0.035,45.3122953517351
0.05,0.04,46.32089262818426
0.05,0.04,46.32089262818426
0.05,0.045000000000000005,47.22066931710178
0.05,0.05,45.73072705129297
0.05,0.05500000000000001,26.462107710235298
0.06,0.004,27.778444646415682
0.06,0.005,29.640302709165947
0.06,0.011111111111111112,36.328630440728716
0.06,0.013000000000000001,37.62636775701608
0.06,0.017222222222222222,40.037679148816835
0.06,0.022000000000000002,42.078029793936544
0.06,0.023333333333333334,42.66488364477506
0.06,0.029444444444444447,43.77761158500106
0.06,0.031000000000000003,44.17966953166491
0.06,0.035555555555555556,45.47925602039034
0.06,0.04,46.35098763209717
0.06,0.041666666666666664,46.97598592768522
0.06,0.04777777777777778,47.812985855643205
0.06,0.05388888888888889,48.89953110248139
0.06,0.06,47.142974725871
0.06,0.066,25.499577453005013
0.07,0.004,27.613738383200264
0.07,0.005,29.351692176037012
0.07,0.012222222222222223,37.02198683055555
0.07,0.013000000000000001,37.70818668218135
0.07,0.019444444444444445,41.0304326599842
0.07,0.022000000000000002,41.94651053893487
0.07,0.02666666666666667,43.61914680246901
0.07,0.031000000000000003,44.82465758937615
0.07,0.03388888888888889,45.003873381111596
0.07,0.04,46.34625911334773
0.07,0.04111111111111111,46.489110369625955
0.07,0.04833333333333333,47.945490675039395
0.07,0.05555555555555556,48.967147307554114
0.07,0.06277777777777778,49.90301615087884
0.07,0.07,48.27783938597502
0.07,0.07700000000000001,24.736759303979518
0.08,0.004,27.54392570430062
0.08,0.005,29.272726301845935
0.08,0.013000000000000001,37.65626396880809
0.08,0.013333333333333332,37.73436529548717
0.08,0.021666666666666667,41.76721396888189
0.08,0.022000000000000002,42.10898012426962
0.08,0.030000000000000002,44.577639369053024
0.08,0.031000000000000003,44.92790915994269
0.08,0.03833333333333333,45.987751009187946
0.08,0.04,46.32949918808484
0.08,0.04666666666666666,47.619413623300765
0.08,0.055,48.94047481702798
0.08,0.06333333333333334,50.167857640576806
0.08,0.07166666666666667,51.32344824405864
0.08,0.08,49.63993330762455
0.08,0.08800000000000001,24.68209770022327
0.09,0.004,26.904472161963604
0.09,0.005,29.044368539586088
0.09,0.013000000000000001,37.31828856423347
0.09,0.014444444444444444,37.98940106764349
0.09,0.022000000000000002,41.57886088226243
0.09,0.023888888888888887,42.434450229457724
0.09,0.031000000000000003,44.354362430394794
0.09,0.033333333333333326,45.170762723531375
0.09,0.04,46.61243926210062
0.09,0.04277777777777777,46.85116479361734
0.09,0.05222222222222221,48.22637295984233
0.09,0.061666666666666654,49.668405853074546
0.09,0.0711111111111111,50.84895815040822
0.09,0.08055555555555555,51.91321777480465
0.09,0.09,50.38963983548228
0.09,0.099,24.99903693062616
0.1,0.004,27.298478316807095
0.1,0.005,29.196137903476192
0.1,0.013000000000000001,37.23553357267468
0.1,0.015555555555555555,38.866939737820736
0.1,0.022000000000000002,41.676958946587405
0.1,0.026111111111111113,43.10290313812204
0.1,0.031000000000000003,44.6042924436129
0.1,0.03666666666666667,45.954415386968115
0.1,0.04,46.6160274949811
0.1,0.04722222222222222,47.59302580797411
0.1,0.057777777777777775,49.029853916706585
0.1,0.06833333333333334,50.57947988633002
0.1,0.0788888888888889,51.5988406818856
0.1,0.08944444444444445,52.641129759760275
0.1,0.1,51.48859869893109
0.1,0.11000000000000001,24.63135694133548
0.12,0.004,26.5078930474624
0.12,0.005,28.317195558807107
0.12,0.013000000000000001,36.55974932959727
0.12,0.017777777777777778,39.47124397065537
0.12,0.022000000000000002,41.164780308859285
0.12,0.030555555555555555,43.777332257530624
0.12,0.031000000000000003,43.78709060026083
0.12,0.04,46.05201376109597
0.12,0.04333333333333333,46.63796209011658
0.12,0.056111111111111105,48.79471309946866
0.12,0.06888888888888889,49.825121705430604
0.12,0.08166666666666667,51.27209490358027
0.12,0.09444444444444444,52.49703943165094
0.12,0.10722222222222222,53.51789138799609
0.12,0.12,52.884233683130724
0.12,0.132,24.749885047960277
0.14,0.004,26.04338073806309
0.14,0.005,28.183039794097752
0.14,0.013000000000000001,36.304431322392595
0.14,0.02,39.938560432189796
0.14,0.022000000000000002,40.81528297903788
0.14,0.031000000000000003,43.581460084537895
0.14,0.035,44.285270904084754
0.14,0.04,45.46100837821953
0.14,0.05,47.42225173547749
0.14,0.065,49.42116950496651
0.14,0.08000000000000002,50.399515295852865
0.14,0.09500000000000001,51.8387177641563
0.14,0.11000000000000001,53.209965942753044
0.14,0.125,54.28417672124871
0.14,0.14,54.242206621880385
0.14,0.15400000000000003,24.464406244444497
0.16,0.004,25.506756107443643
0.16,0.005,27.376417828356104
0.16,0.013000000000000001,35.59590989527611
0.16,0.022000000000000002,39.915190241241476
0.16,0.022222222222222223,40.16531204650064
0.16,0.031000000000000003,43.06309535723348
0.16,0.03944444444444444,44.90761682091054
0.16,0.04,44.81482875016709
0.16,0.056666666666666664,47.86369974176441
0.16,0.07388888888888889,50.159161977444654
0.16,0.09111111111111111,50.719888598498606
0.16,0.10833333333333334,52.37506497818333
0.16,0.12555555555555556,53.74078144908614
0.16,0.14277777777777778,54.69535284973978
0.16,0.16,54.333839398753724
0.16,0.17600000000000002,24.789661585022674
0.18,0.004,24.851213878454622
0.18,0.005,27.097097680027247
0.18,0.013000000000000001,35.36434863262499
0.18,0.022000000000000002,39.52739090234822
0.18,0.024444444444444446,40.667560703524465
0.18,0.031000000000000003,42.66496402056541
0.18,0.04,44.667978215945006
0.18,0.04388888888888889,45.24500111984335
0.18,0.06333333333333334,48.477122911099066
0.18,0.08277777777777778,50.643855237410236
0.18,0.10222222222222223,51.017321623034434
0.18,0.12166666666666667,52.83925825024206
0.18,0.14111111111111113,54.129190931190124
0.18,0.16055555555555556,55.18072848534166
0.18,0.18,49.14227065646151
0.18,0.198,24.90005258953041
0.2,0.004,24.4006644308178
0.2,0.005,26.50050989222224
0.2,0.013000000000000001,34.669018253567884
0.2,0.022000000000000002,39.024203939201286
0.2,0.02666666666666667,40.70462695028154
0.2,0.031000000000000003,42.11635326902339
0.2,0.04,44.34255903889085
0.2,0.04833333333333333,45.539058445768674
0.2,0.07,48.74821156245129
0.2,0.09166666666666667,50.72375829624292
0.2,0.11333333333333334,50.96117510391143
0.2,0.135,52.83853957216273
0.2,0.15666666666666668,54.21551876661897
0.2,0.17833333333333334,51.738030674887824
0.2,0.2,42.32422722886766
0.2,0.22000000000000003,25.331923918224703
