FS, Input, SNDR, SFDR, SNR, CIC_Bias
0.02,0.004,22.596070271369882,31.939843476459316,25.342581813733588,
0.02,0.005,25.045879325209846,37.13016819014775,27.120816289709175,
0.02,0.006666666666666666,27.927169208640343,41.61550082349389,29.39782172155972,
0.02,0.008333333333333333,30.215884313879876,42.20696353591843,31.36665628241172,
0.02,0.009999999999999998,32.02625113258753,45.98149886946672,33.021914689456835,
0.02,0.011666666666666665,33.0520419104847,45.176152952316194,34.01063876055423,
0.02,0.013000000000000001,34.21759006172666,47.805169264288665,34.86069601053015,
0.02,0.013333333333333332,34.51248475186678,48.052601840375786,35.168371341961574,
0.02,0.015,35.74761031130284,51.56655690746155,36.278751736230234,
0.02,0.016666666666666666,36.65713599497073,50.10870801658137,37.23859312304803,
0.02,0.018333333333333333,37.5384499052124,52.25984286349474,37.98199323971521,
0.02,0.019,37.466176122353275,50.45453697418893,38.161325576804956,
0.02,0.02,37.053975989500834,46.85582154030351,38.562894591254846,
0.02,0.022000000000000002,28.77286248849213,35.26366449525122,39.73414716821604,
0.02,0.022000000000000002,28.77286248849213,35.26366449525122,39.73414716821604,
0.02,0.031000000000000003,11.581289794966668,12.226249180865075,38.893873102078324,
0.02,0.04,7.69556977280719,7.929610198527129,37.469376266903154,
0.03,0.004,26.571553808425847,38.572128514131805,27.39315439304257,
0.03,0.005,28.628502680405457,39.22820224845437,29.33699151968647,
0.03,0.0077777777777777776,30.49217611283133,39.0667706443833,32.19760680174293,
0.03,0.010555555555555554,34.071604628853635,47.71031638888686,34.68907690290051,
0.03,0.013000000000000001,35.99812708993256,51.78995105710946,36.559313186317326,
0.03,0.013333333333333332,36.3185475196851,52.35923294530311,36.88929687644836,
0.03,0.01611111111111111,37.94385692280199,54.52697698050498,38.31960869651182,
0.03,0.01888888888888889,39.35565946853459,56.16959820484281,39.712172579020084,
0.03,0.021666666666666664,40.14276065326663,58.38080605208379,40.340821532309235,
0.03,0.022000000000000002,40.26922036868147,57.67996161112244,40.49008991123305,
0.03,0.024444444444444442,41.427763128740494,59.44137522052242,41.58363683220622,
0.03,0.02722222222222222,42.30931061741516,59.53202687444035,42.48705607563284,
0.03,0.028499999999999998,42.232757222178144,57.43633746399834,42.71192014178206,
0.03,0.03,41.31728456613223,50.133008013556534,42.83770172186983,
0.03,0.031000000000000003,41.42365317065398,48.831454483145656,43.5415927834936,
0.03,0.033,27.861396492761603,33.362762990017494,43.88242424241675,
0.03,0.04,15.260016496333515,16.65325604670094,42.29418232986416,
0.04,0.004,27.655509426271085,43.734243779042046,28.117990679194126,
0.04,0.005,29.587431258326504,43.57995775247283,30.01257115243678,
0.04,0.008888888888888889,34.28658820948223,49.37165036361679,34.80738629673479,
0.04,0.012777777777777779,36.656481396712614,50.87136293395639,37.37889994951372,
0.04,0.013000000000000001,36.86099289150406,52.59954824237127,37.51878914168411,
0.04,0.016666666666666666,39.0312217320396,54.61302539349169,39.62017871861348,
0.04,0.020555555555555556,41.05382315975604,56.4116883556392,41.432877857979555,
0.04,0.022000000000000002,41.610287777148415,57.354840030251715,41.94735507576375,
0.04,0.024444444444444446,42.4395455961782,55.814736240902114,42.723210432749624,
0.04,0.028333333333333335,43.57577679754644,59.67402792938186,43.86805726911969,
0.04,0.031000000000000003,44.4390720474583,59.54339941256386,44.700517389466924,
0.04,0.03222222222222222,44.67785394135872,61.7804812226009,44.92978982050299,
0.04,0.036111111111111115,45.70532400848631,63.77333606185305,45.912812670396185,
0.04,0.038,45.38708926549863,56.26247532331085,46.192399817272715,
0.04,0.04,43.89988250744568,49.92543116182482,46.59659460956764,
0.04,0.04,43.89988250744568,49.92543116182482,46.59659460956764,
0.04,0.044000000000000004,25.484603052866056,29.847667244400473,46.00546132279845,
0.05,0.004,27.872794160870683,45.646889259380224,28.113273754636303,
0.05,0.005,29.964013767352675,46.90816045115996,30.16299600434019,
0.05,0.010000000000000002,35.76763002813992,52.37363762132762,35.92987523844427,
0.05,0.013000000000000001,38.15951868765087,59.84438662359911,38.30127722551182,
0.05,0.015000000000000003,39.24110129780449,56.682884407166824,39.3835247043546,
0.05,0.020000000000000004,41.32994602620582,53.6346022066459,41.761287266064855,
0.05,0.022000000000000002,42.119562893893345,55.792923109384986,42.508555936099334,
0.05,0.025000000000000005,43.286931359679684,57.16826180509403,43.63580685534708,
0.05,0.030000000000000006,44.85861109369645,60.484118968402804,45.14521433492044,
0.05,0.031000000000000003,45.09830905877579,60.155597240759974,45.38184415256825,
0.05,0.035,46.080000949596496,62.6512509395858,46.33637855999972,
0.05,0.04,47.13915965989006,63.07165698993065,47.35832617872254,
0.05,0.04,47.13915965989006,63.07165698993065,47.35832617872254,
0.05,0.045000000000000005,48.28603392291096,67.15280394137444,48.475243025178784,
0.05,0.0475,47.79527158050988,59.38320242803823,48.58217006163184,
0.05,0.05,46.46924605427964,52.75505832105572,49.05709919496644,
0.05,0.05500000000000001,25.324734418493083,29.50985530418562,47.23339041916393,
0.06,0.004,27.37029126727631,42.211021684490305,27.626181363983235,
0.06,0.005,29.36694491770441,47.76032372949187,29.576523162624913,
0.06,0.011111111111111112,36.354811952389724,55.755595841774735,36.52915188634091,
0.06,0.013000000000000001,37.525401966415394,57.69852539955524,37.69765923862159,
0.06,0.017222222222222222,40.01589034654505,59.88813397530362,40.145169133016346,
0.06,0.022000000000000002,42.08895258956027,63.31301922082277,42.21137090176332,
0.06,0.023333333333333334,42.33338977515764,59.74647426994746,42.572337784498956,
0.06,0.029444444444444447,44.32004094973975,59.21868448359215,44.57917429636304,
0.06,0.031000000000000003,44.627990069034354,60.838254443437265,44.906241912298135,
0.06,0.035555555555555556,45.93393292651395,64.08754601281663,46.206677562853656,
0.06,0.04,46.968343269132475,64.61478042773831,47.19580055024306,
0.06,0.041666666666666664,47.24950966299012,61.704610790814144,47.5617879735023,
0.06,0.04777777777777778,48.314824625629655,67.27070780826443,48.498194579550045,
0.06,0.05388888888888889,49.3839019042684,68.08808266274262,49.559109280136,
0.06,0.056999999999999995,49.347385689032436,63.97959541302609,49.88983936080192,
0.06,0.06,48.1757723676738,55.5692075244853,50.408413632638826,
0.06,0.066,25.466937577822662,29.607162162606706,47.88348846765183,
0.08,0.004,27.14457532867304,43.87189165633712,27.385450321720203,
0.08,0.005,28.83408484932492,44.46486509636872,29.059588784085054,
0.08,0.013000000000000001,37.124241370320476,52.349052089693934,37.41915936878855,
0.08,0.013333333333333332,37.34952096876134,53.24436426639067,37.6116908466606,
0.08,0.021666666666666667,41.4576620921336,58.23247483588409,41.680552832202544,
0.08,0.022000000000000002,41.73626906065989,58.93255257289466,41.940477942952924,
0.08,0.030000000000000002,44.27690920283827,64.5373834835262,44.44604508873053,
0.08,0.031000000000000003,44.511325345924305,65.0426391125907,44.66791433477036,
0.08,0.03833333333333333,45.941288839876115,57.04764225722332,46.47884619400865,
0.08,0.04,46.396611949850865,59.643359437089515,46.86590739055083,
0.08,0.04666666666666666,47.852523967291695,63.04672745545954,48.24851709403337,
0.08,0.055,49.26471311962439,64.04955970579815,49.60570724698797,
0.08,0.06333333333333334,50.506983690631195,66.48498629945358,50.816390859872484,
0.08,0.07166666666666667,51.480681501947394,64.99712252678583,51.800157134625415,
0.08,0.076,51.42385223334634,65.56035879629113,52.02236435919833,
0.08,0.08,50.54806612526632,58.925973928932976,52.44029312727764,
0.08,0.08800000000000001,25.227645777977024,29.239528210742765,48.771056525457446,
0.1,0.004,26.309253293436697,42.585071708069165,26.51853249161522,
0.1,0.005,28.64209967132936,48.22847019910019,28.814003600262026,
0.1,0.013000000000000001,36.60186622134095,56.29142168988139,36.76471379837473,
0.1,0.015555555555555555,38.32444963080009,55.1067051855883,38.53908693622138,
0.1,0.022000000000000002,40.96645748333393,56.77403389570221,41.21573896278767,
0.1,0.026111111111111113,42.52186520580448,61.13001937150669,42.718599390630885,
0.1,0.031000000000000003,44.01932016768312,61.56832953567587,44.20219512752443,
0.1,0.03666666666666667,45.60359744107873,62.93819582711506,45.81927619045595,
0.1,0.04,46.19627452584957,68.40687245620055,46.321233587309756,
0.1,0.04722222222222222,47.368627874293885,58.4854242015589,47.959404918432504,
0.1,0.057777777777777775,49.087995919141264,62.156129272474466,49.56980109457072,
0.1,0.06833333333333334,50.16999861905538,63.080186401360464,50.58553593059926,
0.1,0.0788888888888889,51.74388738761418,66.8809642484639,52.10004207372964,
0.1,0.08944444444444445,52.85466591301051,65.73462711386102,53.22842968735661,
0.1,0.095,52.89318491386601,67.83340697162176,53.43496956137092,
0.1,0.1,52.254488405020055,61.32128868624601,53.86187744347902,
0.1,0.11000000000000001,25.046515953350394,28.95053741219897,49.196163900936554,
0.12,0.004,26.115389575462565,43.73651706036851,26.247627815801433,
0.12,0.005,27.91322471119411,43.273774737676,28.187611826178642,
0.12,0.013000000000000001,36.28928854101173,56.25502267415905,36.42520797601571,
0.12,0.017777777777777778,38.8621871373772,58.41166499880897,38.9626071781903,
0.12,0.022000000000000002,40.682883327229504,62.11270822336627,40.80067797310137,
0.12,0.030555555555555555,43.53255405459659,60.64123174685702,43.71725288966475,
0.12,0.031000000000000003,43.601372786461035,61.882362057044666,43.82575457721764,
0.12,0.04,45.98905701959112,66.05127491791043,46.17868679872221,
0.12,0.04333333333333333,46.66253021523113,70.67926068170932,46.78896755295072,
0.12,0.056111111111111105,48.44156330692176,61.73267724083818,48.94655252783632,
0.12,0.06888888888888889,50.046513549387285,62.48411648071172,50.547813348583446,
0.12,0.08166666666666667,51.49663411023964,63.53036719845882,52.02524351134556,
0.12,0.09444444444444444,-6.369112054328495,68.087689012635,-6.3691079145455625,
0.12,0.10722222222222222,53.57944781405341,65.13610556971665,54.1197932430067,
0.12,0.11399999999999999,53.902243776251325,69.65273623649179,54.42338600539991,
0.12,0.12,53.617948383419225,63.71977056337256,54.81399000269618,
0.12,0.132,24.50589610388416,28.21306079479458,49.21360538200213,
0.14,0.004,25.864621866274874,47.63949468009979,26.0233430819088,
0.14,0.005,27.77741269472175,43.07206097039169,27.995678728077486,
0.14,0.013000000000000001,36.056714243337055,54.690844218087115,36.18246123162481,
0.14,0.02,39.66359301953699,58.215491805689865,39.792389917951226,
0.14,0.022000000000000002,40.441194661788444,59.525876633180545,40.5495912755581,
0.14,0.031000000000000003,43.17663402534101,57.95980282661803,43.41634739493588,
0.14,0.035,44.50612691609915,60.77385053360959,44.749071601319045,
0.14,0.04,45.48177653916183,65.49029132187026,45.66120564962436,
0.14,0.05,47.55422973603955,66.19025097556217,47.73653581829288,
0.14,0.065,49.03495261138466,61.90317842771864,49.71612598782563,
0.14,0.08000000000000002,50.687362331783625,63.050119110368954,51.26025173371555,
0.14,0.09500000000000001,52.33528105475208,65.12705856387741,52.96001454035998,
0.14,0.11000000000000001,53.48031007592097,67.88298481637554,53.98840834575409,
0.14,0.125,54.08747088076869,65.14827088591868,54.807532511285004,
0.14,0.133,54.65645584246937,69.01986473487659,55.42578492588959,
0.14,0.14,54.52636153646477,64.3554399149577,55.622417119471834,
0.14,0.15400000000000003,24.752952553315026,28.490986041289446,49.55146753219158,
0.16,0.004,24.76305313325401,39.79983209415456,25.041748651433444,
0.16,0.005,26.89627213174562,43.10138253628316,27.197930600492725,
0.16,0.013000000000000001,35.16830166547887,55.60677999009606,35.370014084454326,
0.16,0.022000000000000002,39.602065595942975,61.58927261954388,39.757418221059396,
0.16,0.022222222222222223,39.94522128141972,60.241993907775594,40.12317305004445,
0.16,0.031000000000000003,42.31969884329021,60.74096243682283,42.529999316263776,
0.16,0.03944444444444444,44.74575744158387,61.31263648828116,44.995608328011905,
0.16,0.04,44.7805192296248,62.426400251778695,45.02960289977757,
0.16,0.056666666666666664,47.76063841990783,66.23310330156053,47.92604290640622,
0.16,0.07388888888888889,49.28887184096033,62.05597445585836,50.035239908861975,
0.16,0.09111111111111111,51.09624555059743,62.17895482144105,51.90514205614513,
0.16,0.10833333333333334,52.50682672967615,64.50856524233174,53.28328053144894,
0.16,0.12555555555555556,53.67643310112858,66.74190438538372,54.30828798574332,
0.16,0.14277777777777778,54.55915502143009,66.44004739674256,55.392653882590494,
0.16,0.152,54.49292390409389,66.15092987175801,55.50880077104188,
0.16,0.16,52.55536630544504,59.64251907617904,55.90486436590928,
0.16,0.17600000000000002,24.559975914211194,28.300684947916594,49.31607942513285,
0.18,0.004,25.065360986474396,42.34337779059304,25.23131223175705,
0.18,0.005,26.679569553115453,43.453677612215635,26.880028115976017,
0.18,0.013000000000000001,35.09801004259218,55.78891792674876,35.245215270141316,
0.18,0.022000000000000002,39.52543205295194,61.30067065044981,39.62098185414261,
0.18,0.024444444444444446,40.383473835156146,62.78418265923796,40.472324725799595,
0.18,0.031000000000000003,42.5019775905902,64.5061625085583,42.595546981190324,
0.18,0.04,44.56029922103201,60.432511201825555,44.78475701883002,
0.18,0.04388888888888889,45.15802166543259,60.885782475417514,45.34893224291096,
0.18,0.06333333333333334,48.24889982247835,67.62426248179715,48.40722893151299,
0.18,0.08277777777777778,50.404022488997015,67.39915032548869,50.67018254456124,
0.18,0.10222222222222223,51.25088572049649,61.90281572703985,52.26544906634381,
0.18,0.12166666666666667,52.759493888141066,66.69605871907831,53.54293624659471,
0.18,0.14111111111111113,-6.364049606759177,68.18072421553809,-6.364047243001617,
0.18,0.16055555555555556,54.07920867859613,65.7322226902739,55.32965838390958,
0.18,0.17099999999999999,50.26638035661185,55.287401902376445,56.201001827963985,
0.18,0.18,45.55530899048999,48.79195269966039,56.50134152127727,
0.18,0.198,25.197897467028096,29.468960675746715,49.15620388371941,
0.2,0.004,24.3939239298625,43.877155219451694,24.60370636048681,
0.2,0.005,26.044841341975076,40.4509384483419,26.43529952948999,
0.2,0.013000000000000001,34.37158420970338,54.77204262061697,34.51795779494956,
0.2,0.022000000000000002,39.023328514775216,57.168724725343786,39.14391461034886,
0.2,0.02666666666666667,40.691703377268205,62.3063855626218,40.77545126098621,
0.2,0.031000000000000003,41.94182972500168,61.31578640142822,42.05549805129752,
0.2,0.04,43.89631181220384,61.55027304230881,44.16127975044585,
0.2,0.04833333333333333,45.62886825249706,61.563341772334205,45.85080609186815,
0.2,0.07,48.79788614733518,67.15818076032645,48.993521802469985,
0.2,0.09166666666666667,50.91201281975599,68.33102558595564,51.19596510912323,
0.2,0.11333333333333334,51.38341253258485,61.0399177638511,52.668730100379165,
0.2,0.135,53.03579656884735,66.45693217237795,54.03540219245632,
0.2,0.15666666666666668,53.63804991778869,65.50231575237748,54.80305733310294,
0.2,0.17833333333333334,48.01038146940604,51.24943841486143,56.00664976500846,
0.2,0.19,42.92388597071035,45.21485461941643,56.461815939168254,
0.2,0.2,39.49300559916469,41.45554333997222,56.84236900877637,
0.2,0.22000000000000003,25.44158430117642,30.57238533265163,48.737403068473675,
FS, Input, SNDR, SFDR, SNR, CIC_Bias
FS, Input, SNDR, SFDR, SNR, CIC_Bias
0.02,0.004,27.718293488254126,43.98000772434699,27.918794478502036,
0.02,0.005,29.476770652020505,47.290121516330856,29.656972130225764,
0.02,0.006666666666666666,24.208745659855747,32.559329381913585,28.503665462933046,
0.02,0.008333333333333333,27.750336354140572,39.03898612997288,30.058217302707256,
0.02,0.009999999999999998,30.05082603213076,42.23153693072608,31.474302709127375,
0.02,0.011666666666666665,31.92271525525607,44.69856237487583,32.97833004805486,
0.02,0.013000000000000001,33.04147822809518,46.96551706628812,33.902235065791295,
0.02,0.013333333333333332,32.42067469759317,43.832530344245995,33.823392242815274,
0.02,0.015,34.33343273278076,48.61939914796176,35.02840686228241,
0.02,0.016666666666666666,35.409328652693596,48.99536165624989,36.00699729645241,
0.02,0.018333333333333333,36.307828585180715,50.8900989525601,36.91217198396858,
0.02,0.019,36.01106256143814,48.37106876069764,37.09897749270488,
0.02,0.02,35.53687131704524,43.318806810352136,37.51973086656699,
0.02,0.022000000000000002,26.118969411481658,31.839727046993126,38.35401448231209,
0.02,0.022000000000000002,26.118969411481658,31.839727046993126,38.35401448231209,
0.02,0.031000000000000003,11.116246530367057,11.704839984212605,37.90652146704359,
0.02,0.04,7.344091634640523,7.579703943719181,36.62909202794407,
0.03,0.004,26.12345886128641,40.40154327010841,26.89706152542344,
0.03,0.005,28.28031926226879,43.63567255089235,28.996213946225545,
0.03,0.0077777777777777776,32.01139055492928,47.892171004459065,32.513917954532346,
0.03,0.010555555555555554,35.0236346842448,52.93872444571242,35.3717075159139,
0.03,0.013000000000000001,34.208249067298325,47.75356783910624,35.0143431956197,
0.03,0.013333333333333332,34.71852127195135,47.89315084285678,35.45192326067116,
0.03,0.01611111111111111,36.83754617020115,51.888012141116526,37.312573573790715,
0.03,0.01888888888888889,38.419879413832334,54.0929690842484,38.86399587697197,
0.03,0.021666666666666664,39.33697721478714,54.59306819358932,39.77153293314284,
0.03,0.022000000000000002,39.60577640672825,55.03218554493024,39.990856614425034,
0.03,0.024444444444444442,40.73183645917332,55.37123269556603,41.0923197271282,
0.03,0.02722222222222222,41.35852321200362,53.54710888476159,41.81390281746239,
0.03,0.028499999999999998,40.97809212078275,49.52250163609598,42.00857124697748,
0.03,0.03,39.61883798735506,44.88255316003432,42.414457641496824,
0.03,0.031000000000000003,36.936124000593324,44.884981916517,42.914146372711,
0.03,0.033,25.09133171291896,29.753838190841677,42.80172693867299,
0.03,0.04,14.487680886833953,15.736772643076705,41.57823655297868,
0.04,0.004,25.827721892235957,35.79025578895766,26.793444381198064,
0.04,0.005,28.59127103487109,40.144899333107915,29.28976725084818,
0.04,0.008888888888888889,33.505984152362885,47.37946880378834,34.02938921187864,
0.04,0.012777777777777779,36.629057864207304,50.72643566472036,37.331953131189906,
0.04,0.013000000000000001,36.88392637236687,51.46456209909145,37.46166422054135,
0.04,0.016666666666666666,37.36393475171801,48.35943524779778,38.53824930296475,
0.04,0.020555555555555556,39.913289713718825,50.924034325745964,40.56538227037551,
0.04,0.022000000000000002,40.37217260304771,49.6223733262669,41.20763102554774,
0.04,0.024444444444444446,41.373064590866306,50.941073093141775,42.19797037874456,
0.04,0.028333333333333335,42.545628443867365,52.6730673391682,43.275094972106345,
0.04,0.031000000000000003,43.3275493292259,54.86542443865296,43.923087334380966,
0.04,0.03222222222222222,43.83027531292182,56.91902782747056,44.42861618628193,
0.04,0.036111111111111115,44.65374264571842,58.225341953316835,45.16582961648123,
0.04,0.038,44.46715206623431,53.185715924297725,45.54937874784666,
0.04,0.04,42.810600884075726,48.089723934826296,45.88803150841956,
0.04,0.04,42.810600884075726,48.089723934826296,45.88803150841956,
0.04,0.044000000000000004,25.44082357883704,29.92030288546839,45.19781985102728,
0.05,0.004,27.474396498560047,41.56451195719578,27.856758787737206,
0.05,0.005,29.36829973977956,44.4384344115623,29.826488250636633,
0.05,0.010000000000000002,35.484340440035595,51.269041410098254,35.79939492054138,
0.05,0.013000000000000001,37.71143973574481,52.83719948670798,37.97974715342495,
0.05,0.015000000000000003,38.78797439476464,53.44306367054645,39.119067521697275,
0.05,0.020000000000000004,41.251899172440886,58.650294521162536,41.53236357975041,
0.05,0.022000000000000002,41.42273687661291,53.44383012595881,42.02577358320027,
0.05,0.025000000000000005,42.49569351878143,51.985204978855556,43.16163549627162,
0.05,0.030000000000000006,44.134170602293054,55.607337276482916,44.70638882018599,
0.05,0.031000000000000003,44.45645725871488,54.86997058568892,45.08348508969274,
0.05,0.035,45.4175675592429,56.63436686229812,46.0109947576605,
0.05,0.04,46.4899719447962,57.098869040608534,47.12765664607342,
0.05,0.04,46.4899719447962,57.098869040608534,47.12765664607342,
0.05,0.045000000000000005,47.19890187396267,59.86432205359853,47.77893978920304,
0.05,0.0475,47.07631127495418,56.028914762056154,48.22619571922422,
0.05,0.05,45.389411750070614,50.93719857693561,48.278495318969064,
0.05,0.05500000000000001,25.94180232291744,30.45794922919797,47.19445141465467,
0.06,0.004,27.61024221016215,43.20779314311146,27.994450581832005,
0.06,0.005,29.576912958727117,45.3722097805763,29.856909434282855,
0.06,0.011111111111111112,36.15812662135077,51.29356182569852,36.519044355524585,
0.06,0.013000000000000001,37.75205550434262,51.25723261991979,38.17750952306885,
0.06,0.017222222222222222,40.35513745830767,55.69042955524815,40.618034828874215,
0.06,0.022000000000000002,42.523509272813754,60.72467336731489,42.765430218035874,
0.06,0.023333333333333334,42.94191458313897,60.94271058854359,43.127818885461494,
0.06,0.029444444444444447,44.40926563651153,54.524107405188644,44.993249358433374,
0.06,0.031000000000000003,44.89052270669554,54.850278840061776,45.50376649101695,
0.06,0.035555555555555556,46.016419408324374,56.26025897944535,46.66480470590975,
0.06,0.04,47.07689999080716,59.47212530951765,47.67372144426097,
0.06,0.041666666666666664,47.36608373846291,59.56017542174759,47.936591623945546,
0.06,0.04777777777777778,48.46977114076673,59.58209789296697,49.0529237554959,
0.06,0.05388888888888889,49.53319808420497,61.68551568753263,50.082265514996074,
0.06,0.056999999999999995,49.16135747113768,58.773274179310356,50.32036272596565,
0.06,0.06,47.592338982859424,53.35304047071182,50.6297773285118,
0.06,0.066,24.997483678535005,29.04583128126648,47.940073884748784,
0.08,0.004,27.443565523272664,47.78407652450099,27.612497390984423,
0.08,0.005,29.351750416463574,50.64953045111054,29.49485036874346,
0.08,0.013000000000000001,37.352308830743716,52.591406539973526,37.64610073496883,
0.08,0.013333333333333332,37.57125005391997,52.97254114566311,37.80304087387418,
0.08,0.021666666666666667,41.803425642213014,56.71592201333962,42.17003545015373,
0.08,0.022000000000000002,41.98793667602999,57.84058244147452,42.32599540837175,
0.08,0.030000000000000002,44.49486579146921,57.75193419153485,44.83217298566089,
0.08,0.031000000000000003,44.749780664263064,60.139653025411484,45.06286082795128,
0.08,0.03833333333333333,46.21747062932847,55.80648674995007,46.88126934461309,
0.08,0.04,46.44503895494183,54.953520635279865,47.2657148469313,
0.08,0.04666666666666666,47.7608622263893,56.866526361006315,48.528432957360714,
0.08,0.055,49.28223005148168,60.88619357864477,49.95765979377132,
0.08,0.06333333333333334,50.41034243753558,62.36687743015551,51.09053080070151,
0.08,0.07166666666666667,51.1794733018823,61.09457956167418,52.05576611610731,
0.08,0.076,51.26153398885244,61.341509673585946,52.36010720391508,
0.08,0.08,50.192843859768,57.31472038594431,52.80025086925586,
0.08,0.08800000000000001,24.523837873983165,28.311860088478518,48.5215449629623,
0.1,0.004,27.095558572095584,42.210235484640776,27.410287138859534,
0.1,0.005,29.038171725563654,46.22367927370381,29.246165338869858,
0.1,0.013000000000000001,37.20313964378092,56.34822453416176,37.32157769099035,
0.1,0.015555555555555555,38.56459452799769,59.038970960594924,38.70618938098909,
0.1,0.022000000000000002,41.67089976484024,59.0120694685488,41.84024361460506,
0.1,0.026111111111111113,42.95638762151532,56.794893187598674,43.245913010267685,
0.1,0.031000000000000003,44.45293582711885,59.79894715116294,44.747806860612755,
0.1,0.03666666666666667,45.945202315826734,60.443090522257855,46.24626484208201,
0.1,0.04,46.658673340095326,63.96808423135292,46.90944573256752,
0.1,0.04722222222222222,47.86462958716549,60.41453645190294,48.304055588697146,
0.1,0.057777777777777775,49.379761193399,60.599151036706,50.012226125920726,
0.1,0.06833333333333334,50.66678935511505,62.12506808899817,51.40701819975034,
0.1,0.0788888888888889,51.64725928944829,61.68581855952256,52.543601353053845,
0.1,0.08944444444444445,52.120268010579196,59.91049082167491,53.530002858789985,
0.1,0.095,52.41901120284756,59.96450859735659,53.90387202619962,
0.1,0.1,51.77010010322127,58.77798539965721,54.347495011970224,
0.1,0.11000000000000001,23.899769227977224,27.41171483464943,48.948889825443615,
0.12,0.004,26.435470588140724,42.184787193720126,26.706233753993864,
0.12,0.005,28.57184898091417,44.944558994371846,28.834198978536214,
0.12,0.013000000000000001,36.739016298443005,56.775460056709164,36.86159763119123,
0.12,0.017777777777777778,39.31300240537081,61.15197475835785,39.423048976613124,
0.12,0.022000000000000002,41.14159925648131,63.423824757997785,41.24960244219041,
0.12,0.030555555555555555,43.77717828562883,56.52645897009593,44.112696645574765,
0.12,0.031000000000000003,43.95147728508682,57.37544350769292,44.2192058974567,
0.12,0.04,46.30050313462802,63.879477468672434,46.547243306129545,
0.12,0.04333333333333333,46.91293265355228,64.8406204024637,47.11119843610432,
0.12,0.056111111111111105,48.9615340733848,66.95629845764753,49.18588329481955,
0.12,0.06888888888888889,50.29436413186965,60.9211923811767,50.994790446575,
0.12,0.08166666666666667,51.29611425800174,61.47297667347021,52.29890815504494,
0.12,0.09444444444444444,51.99266925471801,59.444839396612025,53.430065943562454,
0.12,0.10722222222222222,52.251031161825885,57.16944273961655,54.62689044577435,
0.12,0.11399999999999999,52.2605715085968,56.85465127646809,54.710281120613786,
0.12,0.12,52.32991630278002,57.60118978295861,55.20550238789663,
0.12,0.132,24.30233029234964,27.829122210278705,49.25933969898352,
0.14,0.004,25.91702779687058,43.97046264411582,26.13443535294465,
0.14,0.005,27.90264139065488,47.65729711652808,28.049064035231307,
0.14,0.013000000000000001,36.04756049339813,56.658076269612806,36.202544646317726,
0.14,0.02,39.715978424607,57.20356755219438,39.89424665671497,
0.14,0.022000000000000002,40.53308699372128,58.94028972685422,40.723474232914995,
0.14,0.031000000000000003,43.47679952828368,60.09242942376703,43.68994804337298,
0.14,0.035,44.33875290379568,55.80615915342838,44.764750038908254,
0.14,0.04,45.35925005465419,60.42738818444862,45.78794308362788,
0.14,0.05,47.549393294999305,62.697648244188585,47.90789532035085,
0.14,0.065,49.718072607395165,64.04140764342712,50.10220057423929,
0.14,0.08000000000000002,50.76482429140569,61.0194032542003,51.65572923958858,
0.14,0.09500000000000001,51.74455970959667,59.55810175801634,53.084628207696205,
0.14,0.11000000000000001,52.141236014167276,57.157755474570116,54.34054989389071,
0.14,0.125,51.657910331886114,54.84187916962721,55.13555248310571,
0.14,0.133,51.733639578529235,54.550705034611276,55.49848336856324,
0.14,0.14,52.03377135170183,55.21787368024858,56.181634808939485,
0.14,0.15400000000000003,24.25545415547103,27.690458450297456,49.404917334718206,
0.16,0.004,25.765473434106873,45.02266353736321,25.891768028292567,
0.16,0.005,27.390556353908973,45.495444125971474,27.613568546843553,
0.16,0.013000000000000001,35.650176600052774,51.0967816003552,35.91370888601621,
0.16,0.022000000000000002,40.158649679343334,55.95091994727978,40.369261953447534,
0.16,0.022222222222222223,40.3614286263895,55.28722512233508,40.57314141604388,
0.16,0.031000000000000003,43.23709926869676,63.89186240924369,43.38442308388199,
0.16,0.03944444444444444,44.94972799718728,56.47011417771358,45.37723990025505,
0.16,0.04,45.10719589811707,56.16310871790157,45.55470852884128,
0.16,0.056666666666666664,48.13397261094914,61.61384455416188,48.52251744005414,
0.16,0.07388888888888889,50.00627654471434,62.3573602653993,50.602149504869026,
0.16,0.09111111111111111,51.165141672837436,59.36339110718326,52.43625616079318,
0.16,0.10833333333333334,51.762044015930016,57.88174632211046,53.69336901012013,
0.16,0.12555555555555556,51.83495152740193,55.61692885383238,54.91059005657577,
0.16,0.14277777777777778,51.202236426283264,53.35329165976877,55.96356636549052,
0.16,0.152,51.115489194884354,53.09089575090261,56.21606557181504,
0.16,0.16,51.32720709905777,53.9117784258586,56.68318248173372,
0.16,0.17600000000000002,24.305600728669063,27.7073128936619,49.53065446479552,
0.18,0.004,24.637809187231884,42.31705425692654,24.89356146727449,
0.18,0.005,26.667324952673226,46.091760715229064,26.835867900263782,
0.18,0.013000000000000001,35.02549265585751,49.98034214114599,35.356199972519676,
0.18,0.022000000000000002,39.50730214234254,52.65048693574456,39.81721246444497,
0.18,0.024444444444444446,40.37619754889693,54.171033996112094,40.689536035352454,
0.18,0.031000000000000003,42.64157365368851,59.52293845951482,42.90069996253763,
0.18,0.04,44.55787434320884,56.80336193387874,44.99439239751216,
0.18,0.04388888888888889,45.433377684615266,57.83722341113482,45.826782690800584,
0.18,0.06333333333333334,48.33306119594664,60.96371102928192,48.844764277789146,
0.18,0.08277777777777778,50.283830220849424,60.77355069614758,51.08932748903155,
0.18,0.10222222222222223,51.24965128414871,58.56545959157088,52.803914326297516,
0.18,0.12166666666666667,51.686847125124686,56.6023166126131,54.16022521333079,
0.18,0.14111111111111113,51.43668504214003,54.33084642393067,55.2373416078333,
0.18,0.16055555555555556,51.0210026954772,52.888035409051525,56.1901850953478,
0.18,0.17099999999999999,50.808572594053814,53.590825728344576,56.539879684310044,
0.18,0.18,49.28376204263127,54.01902234019345,56.85593864570984,
0.18,0.198,24.289757461243667,27.782477448799213,49.202574567404376,
0.2,0.004,24.672925762060245,42.20970533161814,24.855250463332972,
0.2,0.005,26.481333159842592,42.511777189493955,26.719689952198724,
0.2,0.013000000000000001,34.540562579072784,51.18654528848922,34.79002847666679,
0.2,0.022000000000000002,39.19495761911384,57.266708569168884,39.322595842259254,
0.2,0.02666666666666667,40.73272778753918,56.204951342958694,40.91582749349008,
0.2,0.031000000000000003,42.15617654428931,60.65141674819165,42.30803797200275,
0.2,0.04,44.34415836399786,63.649982776803675,44.51473313620268,
0.2,0.04833333333333333,45.74661634218203,58.27176237236681,46.116553497324595,
0.2,0.07,48.81561100320765,61.24751471357996,49.33580303183844,
0.2,0.09166666666666667,50.342705513633355,59.13419263744842,51.50058119547516,
0.2,0.11333333333333334,51.04022510642436,57.61711200800929,53.043208692935934,
0.2,0.135,51.48376522894133,55.66625220254606,54.44483716659674,
0.2,0.15666666666666668,51.11312467974261,53.59824155102891,55.47926171056506,
0.2,0.17833333333333334,50.82550051997757,53.8937993823047,56.435039883742576,
0.2,0.19,47.14795247993865,51.52936444648019,56.71771506002466,
0.2,0.2,43.511870049267394,47.20057644755444,57.045011669490854,
0.2,0.22000000000000003,25.0441552655227,29.14583599537118,49.007399219454385,
