FS, Input, SNDR, SFDR, SNR, CIC_Bias
0.02,0.004,22.632427133447585,33.05260874363245,25.261734548695877,
0.02,0.005,24.962551643597116,36.900032420178135,26.967073331665222,
0.02,0.006666666666666666,27.911640071043248,42.06904203151693,29.346792039945502,
0.02,0.008333333333333333,30.080428364242575,42.78935679309925,31.18837668476686,
0.02,0.009999999999999998,31.989713250728364,46.33667804438401,32.97658355039502,
0.02,0.011666666666666665,33.11446918277545,45.25088743854385,34.048363129744324,
0.02,0.013000000000000001,34.25547992091609,48.39075151169876,34.91032553980113,
0.02,0.013333333333333332,34.52934473277333,48.04688872308325,35.18244027918213,
0.02,0.015,35.81032411186351,52.78131257768376,36.379747797081684,
0.02,0.016666666666666666,36.528667510603114,51.03570206445646,37.08996033023119,
0.02,0.018333333333333333,37.071152779889076,53.40365338001628,37.54458960384562,
0.02,0.019,37.158574274550375,50.09564745013044,37.8883979236379,
0.02,0.02,36.91208484068212,46.46884618178643,38.4223681877961,
0.02,0.022000000000000002,28.140114466065114,34.51248516511728,39.71992854977663,
0.02,0.022000000000000002,28.140114466065114,34.51248516511728,39.71992854977663,
0.02,0.031000000000000003,11.485987942394736,12.113829860656416,38.81904078035426,
0.02,0.04,7.660225600258141,7.893289014290438,37.44908650651277,
0.03,0.004,26.72844854537172,40.494150080223086,27.399268924679024,
0.03,0.005,28.792274816252892,40.56023083546519,29.397403592247542,
0.03,0.0077777777777777776,30.60264582924625,39.71085227224428,32.016769894052764,
0.03,0.010555555555555554,34.19352147407429,47.98632557768101,34.71566796140885,
0.03,0.013000000000000001,36.15301591937505,53.79743915237006,36.61224594827974,
0.03,0.013333333333333332,36.37247451304221,54.227618304394014,36.803229320227416,
0.03,0.01611111111111111,38.030785943448166,55.05638560956101,38.30446452241678,
0.03,0.01888888888888889,39.320530998652664,57.87573886048233,39.59388612195721,
0.03,0.021666666666666664,40.41705703545732,58.93265401539488,40.62838354820212,
0.03,0.022000000000000002,40.41341469370086,57.95925058416287,40.591835423783714,
0.03,0.024444444444444442,41.30343802891591,59.17237830039454,41.452670065652065,
0.03,0.02722222222222222,42.34289897189679,59.434615701661215,42.499979727909604,
0.03,0.028499999999999998,42.286648150905,57.325291422942044,42.777131762400664,
0.03,0.03,41.24987264461882,49.65610408909562,42.87955357070249,
0.03,0.031000000000000003,41.30176375696394,52.10818903904744,43.639154683356836,
0.03,0.033,27.064865258223602,32.20611534971604,43.839131326583775,
0.03,0.04,15.06561668609756,16.41414543054158,42.242398952678435,
0.04,0.004,27.487798019723332,45.48908967034156,27.826830833529375,
0.04,0.005,29.62695842128099,46.37017698268934,29.94452497504784,
0.04,0.008888888888888889,34.316234851284975,52.00554630407615,34.65690199092348,
0.04,0.012777777777777779,36.68535087506945,52.09809731179755,37.27132999107897,
0.04,0.013000000000000001,36.79164749684976,52.942388286199595,37.32842095024401,
0.04,0.016666666666666666,39.10490496052309,54.63240322110116,39.54696833754377,
0.04,0.020555555555555556,41.02580189483679,57.00419623102432,41.315131564977065,
0.04,0.022000000000000002,41.49865201455838,57.23706639309579,41.78645369558842,
0.04,0.024444444444444446,42.52863371500614,56.53234551968824,42.780603931806674,
0.04,0.028333333333333335,43.55326179376404,60.70921330138906,43.82024651234243,
0.04,0.031000000000000003,44.33713438706512,60.48781193531452,44.55595836136152,
0.04,0.03222222222222222,44.5955761270093,62.53143744274903,44.796912003525335,
0.04,0.036111111111111115,45.47027469378648,64.16171846247921,45.627381055633705,
0.04,0.038,45.18273502052753,55.920669489268576,46.10093776178975,
0.04,0.04,43.722698007550974,49.927041737651464,46.2980907752435,
0.04,0.04,43.722698007550974,49.927041737651464,46.2980907752435,
0.04,0.044000000000000004,25.14318809401447,29.38315629809506,45.83360818287591,
0.05,0.004,27.77010867871244,45.6494771691422,27.96396722063365,
0.05,0.005,29.689754278265813,49.64750421861332,29.848435267646984,
0.05,0.010000000000000002,35.466519794262,53.75450009230172,35.56491213115097,
0.05,0.013000000000000001,38.00233048331449,60.81116364242742,38.10558636320701,
0.05,0.015000000000000003,38.97299319493769,58.47089169831298,39.06478444443625,
0.05,0.020000000000000004,41.07151764145318,53.870617379882916,41.45439888811829,
0.05,0.022000000000000002,42.1375099949993,55.95315407147711,42.49349586744957,
0.05,0.025000000000000005,43.083262985675916,57.714132543440606,43.38762958500054,
0.05,0.030000000000000006,44.60502183578174,61.15704254357099,44.84545444975436,
0.05,0.031000000000000003,44.942289056466514,60.185638923939486,45.20986018683007,
0.05,0.035,45.84173137383215,63.833508315993704,46.08147762362578,
0.05,0.04,47.17076746843715,63.08510521833187,47.395624380314985,
0.05,0.04,47.17076746843715,63.08510521833187,47.395624380314985,
0.05,0.045000000000000005,48.006915239563284,66.78392783388367,48.180950126828336,
0.05,0.0475,47.638949811711086,58.997216892639784,48.49888584417079,
0.05,0.05,46.32831730360182,52.6178874533299,48.875013292963196,
0.05,0.05500000000000001,25.17590921735984,29.313718190661664,47.185967167533256,
0.06,0.004,27.47020978502833,44.043822084984924,27.687022356046963,
0.06,0.005,29.372986165619,48.59505168376029,29.561414982981987,
0.06,0.011111111111111112,36.028297253251644,56.32753901163953,36.16348644196948,
0.06,0.013000000000000001,37.70999609397777,57.854670044923466,37.849639704056095,
0.06,0.017222222222222222,39.99137950559149,60.08259495144473,40.096292292564655,
0.06,0.022000000000000002,42.15954572607743,64.09085030883782,42.251632002648584,
0.06,0.023333333333333334,42.39494788100059,59.665229757118624,42.60773654734888,
0.06,0.029444444444444447,44.51088469070691,59.54514500474486,44.775550537192956,
0.06,0.031000000000000003,44.84732084423222,61.221804997443485,45.11829256370028,
0.06,0.035555555555555556,44.93343102073097,64.09201139203968,45.139988906705746,
0.06,0.04,46.95762452780037,64.86400546164982,47.17480850369981,
0.06,0.041666666666666664,46.62736563907585,62.158428910167565,46.85340609586306,
0.06,0.04777777777777778,48.52194193424449,68.14071204765484,48.700861825280235,
0.06,0.05388888888888889,49.511858373740225,68.5562384991161,49.675749987201314,
0.06,0.056999999999999995,49.46882317394988,63.66140263082267,50.082287129810865,
0.06,0.06,48.12526395043413,55.56851060554946,50.25721034845701,
0.06,0.066,25.287311320382642,29.371964429178796,47.97069815866312,
0.08,0.004,26.995928304574694,44.15746980327685,27.219043924302838,
0.08,0.005,28.625297612576887,46.04626958795143,28.806904765600233,
0.08,0.013000000000000001,37.1025251468171,53.02204978801234,37.341204210232675,
0.08,0.013333333333333332,37.30685111440989,54.40098374954305,37.50536724140471,
0.08,0.021666666666666667,41.32789506925551,59.77646733625512,41.496079224956766,
0.08,0.022000000000000002,41.57677642583755,60.71910631256295,41.72829596641206,
0.08,0.030000000000000002,44.29533496294762,64.99917786428355,44.435762847531024,
0.08,0.031000000000000003,44.573518540015016,65.87932738488317,44.69781361452914,
0.08,0.03833333333333333,45.89124998119671,57.22768542640506,46.38003791764728,
0.08,0.04,46.47808588731786,59.57048494771131,46.915601169230655,
0.08,0.04666666666666666,47.75643225056424,63.24905258345008,48.115801704255546,
0.08,0.055,49.24423736215409,64.21996730041911,49.5798747883254,
0.08,0.06333333333333334,50.40943576630084,66.81999592198525,50.68105639797287,
0.08,0.07166666666666667,51.256343310864565,65.39497750857758,51.544775198173454,
0.08,0.076,51.440080133655485,65.86972308843075,52.0109326209026,
0.08,0.08,50.45991145248712,58.94384600108286,52.270948580900594,
0.08,0.08800000000000001,25.10483931743557,29.07869576826608,48.775118438779714,
0.1,0.004,26.53964180328176,44.83271890824749,26.75698469365217,
0.1,0.005,28.400196298793293,49.01173784032217,28.56249968049843,
0.1,0.013000000000000001,36.61279177939481,55.310322394281044,36.76277719126379,
0.1,0.015555555555555555,38.292993790006285,54.78132847515053,38.46935498201389,
0.1,0.022000000000000002,41.22953460172104,56.12122685127314,41.48795346561114,
0.1,0.026111111111111113,42.723304242695434,62.402557740055414,42.91291631391918,
0.1,0.031000000000000003,44.16430852924063,61.76329003515434,44.3271576817929,
0.1,0.03666666666666667,45.55071765464366,62.38082008695581,45.748789275319915,
0.1,0.04,46.32478567148188,67.72115467442026,46.46165393972352,
0.1,0.04722222222222222,47.27040890459236,58.25006227740445,47.84901977837635,
0.1,0.057777777777777775,49.236926949623665,62.15419669004678,49.737322248384785,
0.1,0.06833333333333334,50.51857145785711,63.03295004414335,50.98264979360416,
0.1,0.0788888888888889,51.82553806567707,66.66035868655916,52.19133791256475,
0.1,0.08944444444444445,52.78329094913918,65.13296736925831,53.20013490679246,
0.1,0.095,53.0483272452021,67.95851407112272,53.588922347454854,
0.1,0.1,52.305164777429354,61.20840073194638,53.96156157684315,
0.1,0.11000000000000001,24.92271985415249,28.7953019202888,49.1126156619492,
0.12,0.004,26.137873007842277,44.041499076322715,26.27674861347728,
0.12,0.005,27.9334088997067,43.54564901112732,28.1880289918248,
0.12,0.013000000000000001,36.37991984166506,56.038720453593314,36.487554501393554,
0.12,0.017777777777777778,39.03670011734653,60.9975250427491,39.115216517636206,
0.12,0.022000000000000002,40.69598529027317,62.11779793291568,40.811409622555466,
0.12,0.030555555555555555,43.67651577975919,60.83970879625275,43.850625415871384,
0.12,0.031000000000000003,43.801042424525384,61.98036869047256,43.99849822823082,
0.12,0.04,45.77989895160514,65.73199214597523,45.93835704066865,
0.12,0.04333333333333333,46.66163047373953,69.48716291116614,46.77665042562505,
0.12,0.056111111111111105,48.30640923890776,61.786114379057004,48.80396838919581,
0.12,0.06888888888888889,50.13929719989447,62.73769864057866,50.6454285156084,
0.12,0.08166666666666667,51.57698141352132,63.841781103319974,52.08193757269369,
0.12,0.09444444444444444,52.78247065651278,67.56774162841256,53.194779855164,
0.12,0.10722222222222222,53.43976191654554,65.22765164858463,53.94850448420458,
0.12,0.11399999999999999,53.97736556717731,69.65358682986229,54.48544223767068,
0.12,0.12,53.59902475750607,63.71288169520582,54.80362923456205,
0.12,0.132,24.460488190863504,28.155381155194704,49.26755512047123,
0.14,0.004,25.875388107980022,49.341849761128906,26.020452002057684,
0.14,0.005,27.623324644958277,43.55780745340019,27.83214043126123,
0.14,0.013000000000000001,36.063134205770446,54.78341625483212,36.2058702135686,
0.14,0.02,39.44827840934907,59.55884368064524,39.5494822148631,
0.14,0.022000000000000002,40.330862745653874,60.76530289339703,40.4098869704911,
0.14,0.031000000000000003,43.27026871075134,58.51184006533966,43.477536300417015,
0.14,0.035,44.33765238188501,60.474489490542624,44.56486072359855,
0.14,0.04,45.50246637535498,65.48648190813556,45.65611312018166,
0.14,0.05,47.42904034894569,66.84665153885736,47.579719821504455,
0.14,0.065,48.89374857458351,61.94831316932279,49.56237797826367,
0.14,0.08000000000000002,50.816927100048275,63.05843952627512,51.440724782190166,
0.14,0.09500000000000001,52.23270359516631,65.46085353693138,52.81544101822243,
0.14,0.11000000000000001,53.35576260898901,67.70324183264162,53.83851380303654,
0.14,0.125,54.16415848875295,65.20675847293583,54.90209808796929,
0.14,0.133,54.65414717701529,69.09037924989464,55.41237764152505,
0.14,0.14,54.5615628673177,64.22153254517198,55.708305233709446,
0.14,0.15400000000000003,24.673078344621942,28.390737962664204,49.52374900066737,
0.16,0.004,25.00789446679745,41.32394829430044,25.292749473359706,
0.16,0.005,27.048460388819635,42.67361594821114,27.354074532708033,
0.16,0.013000000000000001,35.284754724852604,54.81749980346488,35.470098126916035,
0.16,0.022000000000000002,39.7838458497848,60.96150527024351,39.923305480140186,
0.16,0.022222222222222223,40.08079294639175,60.35483534551667,40.22085864025607,
0.16,0.031000000000000003,42.661456693369416,60.43372841050559,42.90606212244665,
0.16,0.03944444444444444,44.810912604428964,60.851861114852014,45.04407114698881,
0.16,0.04,44.71789928754524,61.69241328329585,44.935047449266094,
0.16,0.056666666666666664,47.91886996921149,65.98198025773434,48.101279134606216,
0.16,0.07388888888888889,49.35037229334492,61.7935621633319,50.20352933509899,
0.16,0.09111111111111111,51.13359446473126,62.02545966882627,51.95705879545291,
0.16,0.10833333333333334,52.547217099242985,64.74144827785574,53.31865518308697,
0.16,0.12555555555555556,53.63439127377924,66.11678173395025,54.27915771094993,
0.16,0.14277777777777778,54.576826887942154,66.42999851063566,55.44372115448593,
0.16,0.152,54.53729758169473,66.03031924484716,55.661617649683436,
0.16,0.16,52.65198252861089,59.81121289672537,56.0538555755305,
0.16,0.17600000000000002,24.903649111168498,28.740581680710527,49.417537733287354,
